-35,1.444E-019
-34.75,1.247E-019
-34.5,1.274E-019
-34.25,1.355E-019
-34,1.437E-019
-33.75,1.549E-019
-33.5,1.336E-019
-33.25,1.463E-019
-33,1.653E-019
-32.75,1.744E-019
-32.5,1.654E-019
-32.25,1.376E-019
-32,1.467E-019
-31.75,1.698E-019
-31.5,1.899E-019
-31.25,1.964E-019
-31,1.911E-019
-30.75,2.214E-019
-30.5,1.747E-019
-30.25,2.134E-019
-30,2.039E-019
-29.75,2.363E-019
-29.5,2.303E-019
-29.25,2.319E-019
-29,2.462E-019
-28.75,2.383E-019
-28.5,2.488E-019
-28.25,2.455E-019
-28,2.431E-019
-27.75,2.537E-019
-27.5,2.908E-019
-27.25,2.793E-019
-27,2.669E-019
-26.75,3.129E-019
-26.5,3.047E-019
-26.25,3.195E-019
-26,3.337E-019
-25.75,3.199E-019
-25.5,3.384E-019
-25.25,3.514E-019
-25,4.1E-019
-24.75,3.94E-019
-24.5,3.951E-019
-24.25,4.126E-019
-24,3.921E-019
-23.75,4.111E-019
-23.5,4.042E-019
-23.25,4.326E-019
-23,4.226E-019
-22.75,4.517E-019
-22.5,2.147E-018
-22.25,7.228E-019
-22,5.035E-019
-21.75,4.996E-019
-21.5,4.955E-019
-21.25,5.01E-019
-21,5.341E-019
-20.75,5.408E-019
-20.5,5.543E-019
-20.25,6.354E-019
-20,7.8E-019
-19.75,8.37E-019
-19.5,8.053E-019
-19.25,8.511E-019
-19,8.609E-019
-18.75,9.016E-019
-18.5,9.207E-019
-18.25,9.352E-019
-18,9.527E-019
-17.75,9.809E-019
-17.5,9.897E-019
-17.25,1.028E-018
-17,9.627E-019
-16.75,1.006E-018
-16.5,1.074E-018
-16.25,1.057E-018
-16,1.1E-018
-15.75,1.11E-018
-15.5,1.149E-018
-15.25,1.173E-018
-15,1.218E-018
-14.75,1.173E-018
-14.5,1.181E-018
-14.25,1.291E-018
-14,1.256E-018
-13.75,1.272E-018
-13.5,1.347E-018
-13.25,1.427E-018
-13,1.412E-018
-12.75,1.379E-018
-12.5,1.51E-018
-12.25,1.601E-018
-12,1.564E-018
-11.75,1.697E-018
-11.5,1.796E-018
-11.25,1.818E-018
-11,1.877E-018
-10.75,2.013E-018
-10.5,2.061E-018
-10.25,2.226E-018
-10,2.358E-018
-9.75,2.387E-018
-9.5,2.427E-018
-9.25,2.697E-018
-9,2.851E-018
-8.75,3.058E-018
-8.5,3.271E-018
-8.25,3.584E-018
-8,3.8E-018
-7.75,4.107E-018
-7.5,4.401E-018
-7.25,4.832E-018
-7,5.317E-018
-6.75,5.793E-018
-6.5,6.366E-018
-6.25,7.169E-018
-6,8.31E-018
-5.75,1.011E-017
-5.5,1.394E-017
-5.25,2.969E-017
-5,1.101E-016
-4.75,1.501E-016
-4.5,1.559E-016
-4.25,1.589E-016
-4,1.6E-016
-3.75,1.621E-016
-3.5,1.605E-016
-3.25,1.612E-016
-3,1.609E-016
-2.75,1.609E-016
-2.5,1.608E-016
-2.25,1.61E-016
-2,1.606E-016
-1.75,1.603E-016
-1.5,1.592E-016
-1.25,1.613E-016
-1,1.62E-016
-0.75,1.624E-016
-0.5,1.593E-016
-0.25,1.59E-016
0,1.583E-016
0.25,1.59E-016
0.5,1.593E-016
0.75,1.624E-016
1,1.62E-016
1.25,1.613E-016
1.5,1.592E-016
1.75,1.603E-016
2,1.606E-016
2.25,1.61E-016
2.5,1.608E-016
2.75,1.609E-016
3,1.609E-016
3.25,1.612E-016
3.5,1.605E-016
3.75,1.621E-016
4,1.6E-016
4.25,1.589E-016
4.5,1.559E-016
4.75,1.501E-016
5,1.101E-016
5.25,2.969E-017
5.5,1.394E-017
5.75,1.011E-017
6,8.31E-018
6.25,7.169E-018
6.5,6.366E-018
6.75,5.793E-018
7,5.317E-018
7.25,4.832E-018
7.5,4.401E-018
7.75,4.107E-018
8,3.8E-018
8.25,3.584E-018
8.5,3.271E-018
8.75,3.058E-018
9,2.851E-018
9.25,2.697E-018
9.5,2.427E-018
9.75,2.387E-018
10,2.358E-018
10.25,2.226E-018
10.5,2.061E-018
10.75,2.013E-018
11,1.877E-018
11.25,1.818E-018
11.5,1.796E-018
11.75,1.697E-018
12,1.564E-018
12.25,1.601E-018
12.5,1.51E-018
12.75,1.379E-018
13,1.412E-018
13.25,1.427E-018
13.5,1.347E-018
13.75,1.272E-018
14,1.256E-018
14.25,1.291E-018
14.5,1.181E-018
14.75,1.173E-018
15,1.218E-018
15.25,1.173E-018
15.5,1.149E-018
15.75,1.11E-018
16,1.1E-018
16.25,1.057E-018
16.5,1.074E-018
16.75,1.006E-018
17,9.627E-019
17.25,1.028E-018
17.5,9.897E-019
17.75,9.809E-019
18,9.527E-019
18.25,9.352E-019
18.5,9.207E-019
18.75,9.016E-019
19,8.609E-019
19.25,8.511E-019
19.5,8.053E-019
19.75,8.37E-019
20,7.8E-019
20.25,6.354E-019
20.5,5.543E-019
20.75,5.408E-019
21,5.341E-019
21.25,5.01E-019
21.5,4.955E-019
21.75,4.996E-019
22,5.035E-019
22.25,0
22.5,0
22.75,4.517E-019
23,4.226E-019
23.25,4.326E-019
23.5,4.042E-019
23.75,4.111E-019
24,3.921E-019
24.25,4.126E-019
24.5,3.951E-019
24.75,3.94E-019
25,4.1E-019
25.25,3.514E-019
25.5,3.384E-019
25.75,3.199E-019
26,3.337E-019
26.25,3.195E-019
26.5,3.047E-019
26.75,3.129E-019
27,2.669E-019
27.25,2.793E-019
27.5,2.908E-019
27.75,2.537E-019
28,2.431E-019
28.25,2.455E-019
28.5,2.488E-019
28.75,2.383E-019
29,2.462E-019
29.25,2.319E-019
29.5,2.303E-019
29.75,2.363E-019
30,2.039E-019
30.25,2.134E-019
30.5,1.747E-019
30.75,2.214E-019
31,1.911E-019
31.25,1.964E-019
31.5,1.899E-019
31.75,1.698E-019
32,1.467E-019
32.25,1.376E-019
32.5,1.654E-019
32.75,1.744E-019
33,1.653E-019
33.25,1.463E-019
33.5,1.336E-019
33.75,1.549E-019
34,1.437E-019
34.25,1.355E-019
34.5,1.274E-019
34.75,1.247E-019
35,1.444E-019
