# mesh name: boxMesh_1
# primitive scorer name: eD
# iX, iY, iZ, value 
0,0,0,0
0,0,1,0
0,0,2,1
0,0,3,4
0,0,4,7
0,0,5,6
0,0,6,1
0,0,7,2
0,0,8,3
0,0,9,3
0,0,10,0
0,0,11,0
0,0,12,2
0,0,13,1
0,0,14,0
0,0,15,0
0,0,16,0
0,0,17,1
0,0,18,1
0,0,19,2
0,0,20,4
0,0,21,2
0,0,22,1
0,0,23,0
0,0,24,2
0,0,25,1
0,0,26,1
0,0,27,2
0,0,28,1
0,0,29,1
0,0,30,1
0,0,31,3
0,0,32,3
0,0,33,1
0,0,34,1
0,0,35,1
0,0,36,0
0,0,37,1
0,0,38,2
0,0,39,2
0,0,40,2
0,0,41,0
0,0,42,3
0,0,43,0
0,0,44,1
0,0,45,1
0,0,46,0
0,0,47,0
0,0,48,1
0,0,49,1
0,0,50,2
0,0,51,1
0,0,52,0
0,0,53,0
0,0,54,0
0,0,55,2
0,0,56,3
0,0,57,1
0,0,58,0
0,0,59,0
0,0,60,0
0,0,61,0
0,0,62,1
0,0,63,0
0,0,64,0
0,0,65,0
0,0,66,0
0,0,67,0
0,0,68,1
0,0,69,0
0,0,70,0
0,0,71,1
0,0,72,0
0,0,73,0
0,0,74,0
0,0,75,1
0,0,76,1
0,0,77,1
0,0,78,1
0,0,79,1
1,0,0,1
1,0,1,0
1,0,2,1
1,0,3,1
1,0,4,1
1,0,5,5
1,0,6,4
1,0,7,2
1,0,8,1
1,0,9,4
1,0,10,3
1,0,11,1
1,0,12,2
1,0,13,3
1,0,14,2
1,0,15,1
1,0,16,1
1,0,17,2
1,0,18,2
1,0,19,4
1,0,20,3
1,0,21,2
1,0,22,1
1,0,23,0
1,0,24,1
1,0,25,2
1,0,26,1
1,0,27,1
1,0,28,0
1,0,29,2
1,0,30,2
1,0,31,1
1,0,32,0
1,0,33,0
1,0,34,0
1,0,35,1
1,0,36,1
1,0,37,1
1,0,38,2
1,0,39,2
1,0,40,4
1,0,41,1
1,0,42,2
1,0,43,0
1,0,44,0
1,0,45,1
1,0,46,0
1,0,47,1
1,0,48,1
1,0,49,0
1,0,50,2
1,0,51,2
1,0,52,0
1,0,53,0
1,0,54,1
1,0,55,1
1,0,56,1
1,0,57,1
1,0,58,0
1,0,59,0
1,0,60,0
1,0,61,0
1,0,62,1
1,0,63,0
1,0,64,0
1,0,65,0
1,0,66,0
1,0,67,1
1,0,68,1
1,0,69,0
1,0,70,0
1,0,71,1
1,0,72,0
1,0,73,0
1,0,74,1
1,0,75,1
1,0,76,1
1,0,77,2
1,0,78,2
1,0,79,2
2,0,0,2
2,0,1,1
2,0,2,1
2,0,3,0
2,0,4,0
2,0,5,1
2,0,6,2
2,0,7,3
2,0,8,4
2,0,9,3
2,0,10,2
2,0,11,2
2,0,12,0
2,0,13,1
2,0,14,2
2,0,15,1
2,0,16,0
2,0,17,2
2,0,18,2
2,0,19,1
2,0,20,2
2,0,21,3
2,0,22,1
2,0,23,1
2,0,24,1
2,0,25,2
2,0,26,1
2,0,27,1
2,0,28,2
2,0,29,3
2,0,30,1
2,0,31,0
2,0,32,0
2,0,33,0
2,0,34,0
2,0,35,0
2,0,36,0
2,0,37,0
2,0,38,2
2,0,39,2
2,0,40,3
2,0,41,1
2,0,42,3
2,0,43,0
2,0,44,0
2,0,45,1
2,0,46,0
2,0,47,1
2,0,48,0
2,0,49,0
2,0,50,2
2,0,51,2
2,0,52,0
2,0,53,1
2,0,54,1
2,0,55,0
2,0,56,1
2,0,57,2
2,0,58,0
2,0,59,0
2,0,60,0
2,0,61,0
2,0,62,1
2,0,63,0
2,0,64,0
2,0,65,0
2,0,66,0
2,0,67,1
2,0,68,0
2,0,69,0
2,0,70,1
2,0,71,1
2,0,72,0
2,0,73,2
2,0,74,3
2,0,75,1
2,0,76,2
2,0,77,1
2,0,78,2
2,0,79,1
3,0,0,2
3,0,1,1
3,0,2,0
3,0,3,0
3,0,4,0
3,0,5,1
3,0,6,1
3,0,7,0
3,0,8,3
3,0,9,5
3,0,10,2
3,0,11,3
3,0,12,2
3,0,13,1
3,0,14,2
3,0,15,3
3,0,16,3
3,0,17,3
3,0,18,3
3,0,19,2
3,0,20,5
3,0,21,6
3,0,22,4
3,0,23,3
3,0,24,3
3,0,25,1
3,0,26,1
3,0,27,3
3,0,28,2
3,0,29,1
3,0,30,0
3,0,31,0
3,0,32,0
3,0,33,0
3,0,34,0
3,0,35,0
3,0,36,0
3,0,37,0
3,0,38,1
3,0,39,3
3,0,40,0
3,0,41,1
3,0,42,4
3,0,43,0
3,0,44,0
3,0,45,1
3,0,46,0
3,0,47,0
3,0,48,0
3,0,49,0
3,0,50,1
3,0,51,2
3,0,52,2
3,0,53,1
3,0,54,0
3,0,55,0
3,0,56,0
3,0,57,3
3,0,58,1
3,0,59,0
3,0,60,0
3,0,61,1
3,0,62,1
3,0,63,0
3,0,64,0
3,0,65,0
3,0,66,1
3,0,67,2
3,0,68,0
3,0,69,0
3,0,70,1
3,0,71,0
3,0,72,2
3,0,73,3
3,0,74,3
3,0,75,3
3,0,76,2
3,0,77,2
3,0,78,2
3,0,79,2
4,0,0,0
4,0,1,1
4,0,2,0
4,0,3,0
4,0,4,0
4,0,5,1
4,0,6,2
4,0,7,2
4,0,8,1
4,0,9,3
4,0,10,5
4,0,11,4
4,0,12,4
4,0,13,4
4,0,14,4
4,0,15,3
4,0,16,2
4,0,17,1
4,0,18,2
4,0,19,0
4,0,20,3
4,0,21,2
4,0,22,3
4,0,23,4
4,0,24,1
4,0,25,0
4,0,26,3
4,0,27,4
4,0,28,0
4,0,29,1
4,0,30,0
4,0,31,0
4,0,32,0
4,0,33,0
4,0,34,0
4,0,35,0
4,0,36,0
4,0,37,0
4,0,38,1
4,0,39,4
4,0,40,0
4,0,41,1
4,0,42,4
4,0,43,0
4,0,44,0
4,0,45,1
4,0,46,0
4,0,47,0
4,0,48,1
4,0,49,0
4,0,50,1
4,0,51,2
4,0,52,2
4,0,53,1
4,0,54,0
4,0,55,1
4,0,56,2
4,0,57,2
4,0,58,2
4,0,59,0
4,0,60,0
4,0,61,1
4,0,62,0
4,0,63,0
4,0,64,0
4,0,65,1
4,0,66,1
4,0,67,3
4,0,68,0
4,0,69,0
4,0,70,2
4,0,71,2
4,0,72,2
4,0,73,3
4,0,74,2
4,0,75,0
4,0,76,1
4,0,77,2
4,0,78,0
4,0,79,1
5,0,0,1
5,0,1,2
5,0,2,1
5,0,3,0
5,0,4,1
5,0,5,2
5,0,6,2
5,0,7,4
5,0,8,4
5,0,9,1
5,0,10,3
5,0,11,4
5,0,12,2
5,0,13,3
5,0,14,2
5,0,15,4
5,0,16,2
5,0,17,0
5,0,18,1
5,0,19,1
5,0,20,3
5,0,21,3
5,0,22,1
5,0,23,4
5,0,24,5
5,0,25,3
5,0,26,2
5,0,27,2
5,0,28,0
5,0,29,1
5,0,30,0
5,0,31,0
5,0,32,0
5,0,33,0
5,0,34,0
5,0,35,0
5,0,36,0
5,0,37,2
5,0,38,3
5,0,39,4
5,0,40,2
5,0,41,2
5,0,42,3
5,0,43,0
5,0,44,0
5,0,45,1
5,0,46,1
5,0,47,0
5,0,48,1
5,0,49,0
5,0,50,2
5,0,51,2
5,0,52,0
5,0,53,1
5,0,54,2
5,0,55,2
5,0,56,1
5,0,57,0
5,0,58,2
5,0,59,1
5,0,60,0
5,0,61,1
5,0,62,0
5,0,63,0
5,0,64,0
5,0,65,1
5,0,66,0
5,0,67,2
5,0,68,1
5,0,69,2
5,0,70,3
5,0,71,1
5,0,72,2
5,0,73,2
5,0,74,1
5,0,75,1
5,0,76,1
5,0,77,2
5,0,78,2
5,0,79,1
6,0,0,1
6,0,1,2
6,0,2,3
6,0,3,3
6,0,4,3
6,0,5,2
6,0,6,1
6,0,7,2
6,0,8,3
6,0,9,2
6,0,10,1
6,0,11,3
6,0,12,3
6,0,13,3
6,0,14,2
6,0,15,2
6,0,16,4
6,0,17,3
6,0,18,0
6,0,19,4
6,0,20,2
6,0,21,4
6,0,22,3
6,0,23,3
6,0,24,4
6,0,25,2
6,0,26,3
6,0,27,2
6,0,28,1
6,0,29,1
6,0,30,1
6,0,31,1
6,0,32,0
6,0,33,0
6,0,34,0
6,0,35,0
6,0,36,1
6,0,37,2
6,0,38,3
6,0,39,4
6,0,40,2
6,0,41,1
6,0,42,2
6,0,43,0
6,0,44,0
6,0,45,1
6,0,46,1
6,0,47,0
6,0,48,0
6,0,49,1
6,0,50,2
6,0,51,1
6,0,52,1
6,0,53,0
6,0,54,3
6,0,55,3
6,0,56,1
6,0,57,1
6,0,58,1
6,0,59,1
6,0,60,0
6,0,61,1
6,0,62,0
6,0,63,0
6,0,64,1
6,0,65,1
6,0,66,0
6,0,67,2
6,0,68,1
6,0,69,3
6,0,70,2
6,0,71,2
6,0,72,3
6,0,73,1
6,0,74,1
6,0,75,2
6,0,76,3
6,0,77,3
6,0,78,3
6,0,79,2
7,0,0,1
7,0,1,2
7,0,2,3
7,0,3,4
7,0,4,1
7,0,5,0
7,0,6,0
7,0,7,1
7,0,8,2
7,0,9,1
7,0,10,1
7,0,11,0
7,0,12,2
7,0,13,3
7,0,14,3
7,0,15,2
7,0,16,2
7,0,17,5
7,0,18,4
7,0,19,5
7,0,20,0
7,0,21,2
7,0,22,3
7,0,23,2
7,0,24,1
7,0,25,4
7,0,26,5
7,0,27,1
7,0,28,2
7,0,29,1
7,0,30,1
7,0,31,0
7,0,32,0
7,0,33,0
7,0,34,2
7,0,35,1
7,0,36,1
7,0,37,3
7,0,38,4
7,0,39,4
7,0,40,1
7,0,41,1
7,0,42,2
7,0,43,0
7,0,44,0
7,0,45,1
7,0,46,1
7,0,47,0
7,0,48,1
7,0,49,1
7,0,50,0
7,0,51,0
7,0,52,1
7,0,53,3
7,0,54,4
7,0,55,3
7,0,56,0
7,0,57,0
7,0,58,1
7,0,59,2
7,0,60,2
7,0,61,1
7,0,62,0
7,0,63,0
7,0,64,2
7,0,65,1
7,0,66,1
7,0,67,3
7,0,68,3
7,0,69,4
7,0,70,2
7,0,71,3
7,0,72,3
7,0,73,2
7,0,74,1
7,0,75,1
7,0,76,0
7,0,77,0
7,0,78,0
7,0,79,2
8,0,0,0
8,0,1,1
8,0,2,3
8,0,3,4
8,0,4,1
8,0,5,0
8,0,6,0
8,0,7,1
8,0,8,2
8,0,9,2
8,0,10,2
8,0,11,1
8,0,12,0
8,0,13,2
8,0,14,2
8,0,15,2
8,0,16,3
8,0,17,4
8,0,18,2
8,0,19,3
8,0,20,2
8,0,21,3
8,0,22,3
8,0,23,1
8,0,24,0
8,0,25,0
8,0,26,3
8,0,27,1
8,0,28,3
8,0,29,1
8,0,30,1
8,0,31,1
8,0,32,0
8,0,33,1
8,0,34,1
8,0,35,2
8,0,36,3
8,0,37,3
8,0,38,1
8,0,39,2
8,0,40,1
8,0,41,1
8,0,42,2
8,0,43,0
8,0,44,0
8,0,45,1
8,0,46,1
8,0,47,0
8,0,48,1
8,0,49,0
8,0,50,0
8,0,51,0
8,0,52,3
8,0,53,4
8,0,54,1
8,0,55,0
8,0,56,0
8,0,57,0
8,0,58,0
8,0,59,1
8,0,60,2
8,0,61,0
8,0,62,1
8,0,63,2
8,0,64,2
8,0,65,0
8,0,66,1
8,0,67,2
8,0,68,2
8,0,69,4
8,0,70,1
8,0,71,1
8,0,72,1
8,0,73,1
8,0,74,1
8,0,75,1
8,0,76,1
8,0,77,0
8,0,78,2
8,0,79,2
9,0,0,0
9,0,1,2
9,0,2,1
9,0,3,1
9,0,4,1
9,0,5,1
9,0,6,1
9,0,7,0
9,0,8,1
9,0,9,1
9,0,10,1
9,0,11,2
9,0,12,2
9,0,13,1
9,0,14,2
9,0,15,2
9,0,16,4
9,0,17,2
9,0,18,3
9,0,19,3
9,0,20,2
9,0,21,3
9,0,22,3
9,0,23,1
9,0,24,0
9,0,25,0
9,0,26,2
9,0,27,1
9,0,28,2
9,0,29,2
9,0,30,1
9,0,31,1
9,0,32,1
9,0,33,2
9,0,34,0
9,0,35,3
9,0,36,3
9,0,37,2
9,0,38,4
9,0,39,2
9,0,40,2
9,0,41,1
9,0,42,2
9,0,43,0
9,0,44,0
9,0,45,1
9,0,46,0
9,0,47,0
9,0,48,0
9,0,49,0
9,0,50,0
9,0,51,0
9,0,52,2
9,0,53,1
9,0,54,0
9,0,55,0
9,0,56,0
9,0,57,0
9,0,58,0
9,0,59,1
9,0,60,2
9,0,61,1
9,0,62,1
9,0,63,1
9,0,64,0
9,0,65,0
9,0,66,2
9,0,67,1
9,0,68,2
9,0,69,3
9,0,70,1
9,0,71,2
9,0,72,1
9,0,73,1
9,0,74,1
9,0,75,0
9,0,76,2
9,0,77,2
9,0,78,2
9,0,79,1
10,0,0,1
10,0,1,1
10,0,2,0
10,0,3,1
10,0,4,1
10,0,5,0
10,0,6,1
10,0,7,1
10,0,8,1
10,0,9,1
10,0,10,1
10,0,11,0
10,0,12,2
10,0,13,0
10,0,14,2
10,0,15,2
10,0,16,3
10,0,17,3
10,0,18,3
10,0,19,3
10,0,20,5
10,0,21,0
10,0,22,3
10,0,23,3
10,0,24,2
10,0,25,0
10,0,26,2
10,0,27,1
10,0,28,1
10,0,29,0
10,0,30,0
10,0,31,1
10,0,32,2
10,0,33,2
10,0,34,1
10,0,35,2
10,0,36,2
10,0,37,0
10,0,38,3
10,0,39,2
10,0,40,2
10,0,41,1
10,0,42,1
10,0,43,1
10,0,44,0
10,0,45,1
10,0,46,0
10,0,47,0
10,0,48,0
10,0,49,1
10,0,50,1
10,0,51,2
10,0,52,4
10,0,53,3
10,0,54,1
10,0,55,1
10,0,56,1
10,0,57,0
10,0,58,0
10,0,59,2
10,0,60,1
10,0,61,1
10,0,62,1
10,0,63,0
10,0,64,0
10,0,65,1
10,0,66,3
10,0,67,1
10,0,68,2
10,0,69,3
10,0,70,3
10,0,71,2
10,0,72,0
10,0,73,0
10,0,74,1
10,0,75,2
10,0,76,2
10,0,77,0
10,0,78,0
10,0,79,1
11,0,0,2
11,0,1,1
11,0,2,1
11,0,3,1
11,0,4,1
11,0,5,0
11,0,6,0
11,0,7,1
11,0,8,2
11,0,9,0
11,0,10,1
11,0,11,0
11,0,12,1
11,0,13,1
11,0,14,0
11,0,15,2
11,0,16,3
11,0,17,5
11,0,18,5
11,0,19,3
11,0,20,4
11,0,21,2
11,0,22,2
11,0,23,1
11,0,24,2
11,0,25,1
11,0,26,3
11,0,27,0
11,0,28,0
11,0,29,0
11,0,30,0
11,0,31,2
11,0,32,4
11,0,33,1
11,0,34,0
11,0,35,2
11,0,36,2
11,0,37,1
11,0,38,2
11,0,39,2
11,0,40,3
11,0,41,2
11,0,42,2
11,0,43,1
11,0,44,1
11,0,45,2
11,0,46,0
11,0,47,0
11,0,48,0
11,0,49,0
11,0,50,0
11,0,51,2
11,0,52,1
11,0,53,2
11,0,54,1
11,0,55,0
11,0,56,0
11,0,57,1
11,0,58,0
11,0,59,3
11,0,60,1
11,0,61,2
11,0,62,3
11,0,63,1
11,0,64,4
11,0,65,5
11,0,66,5
11,0,67,2
11,0,68,3
11,0,69,2
11,0,70,4
11,0,71,1
11,0,72,0
11,0,73,1
11,0,74,2
11,0,75,1
11,0,76,0
11,0,77,1
11,0,78,1
11,0,79,1
12,0,0,2
12,0,1,1
12,0,2,0
12,0,3,0
12,0,4,1
12,0,5,0
12,0,6,0
12,0,7,0
12,0,8,2
12,0,9,1
12,0,10,2
12,0,11,1
12,0,12,0
12,0,13,1
12,0,14,1
12,0,15,0
12,0,16,5
12,0,17,4
12,0,18,3
12,0,19,3
12,0,20,3
12,0,21,2
12,0,22,2
12,0,23,3
12,0,24,2
12,0,25,1
12,0,26,2
12,0,27,1
12,0,28,3
12,0,29,2
12,0,30,0
12,0,31,2
12,0,32,5
12,0,33,2
12,0,34,1
12,0,35,1
12,0,36,1
12,0,37,1
12,0,38,1
12,0,39,2
12,0,40,1
12,0,41,2
12,0,42,2
12,0,43,1
12,0,44,3
12,0,45,1
12,0,46,0
12,0,47,0
12,0,48,0
12,0,49,0
12,0,50,1
12,0,51,2
12,0,52,1
12,0,53,1
12,0,54,0
12,0,55,0
12,0,56,3
12,0,57,2
12,0,58,2
12,0,59,3
12,0,60,2
12,0,61,3
12,0,62,5
12,0,63,5
12,0,64,4
12,0,65,1
12,0,66,1
12,0,67,1
12,0,68,2
12,0,69,2
12,0,70,2
12,0,71,1
12,0,72,0
12,0,73,1
12,0,74,1
12,0,75,0
12,0,76,1
12,0,77,1
12,0,78,0
12,0,79,0
13,0,0,0
13,0,1,1
13,0,2,1
13,0,3,1
13,0,4,0
13,0,5,0
13,0,6,0
13,0,7,0
13,0,8,1
13,0,9,0
13,0,10,0
13,0,11,2
13,0,12,2
13,0,13,0
13,0,14,1
13,0,15,1
13,0,16,4
13,0,17,2
13,0,18,1
13,0,19,1
13,0,20,3
13,0,21,4
13,0,22,1
13,0,23,2
13,0,24,1
13,0,25,2
13,0,26,3
13,0,27,0
13,0,28,4
13,0,29,2
13,0,30,0
13,0,31,2
13,0,32,2
13,0,33,2
13,0,34,3
13,0,35,2
13,0,36,0
13,0,37,2
13,0,38,2
13,0,39,3
13,0,40,5
13,0,41,3
13,0,42,3
13,0,43,2
13,0,44,4
13,0,45,0
13,0,46,1
13,0,47,0
13,0,48,1
13,0,49,1
13,0,50,2
13,0,51,1
13,0,52,1
13,0,53,2
13,0,54,1
13,0,55,1
13,0,56,3
13,0,57,1
13,0,58,0
13,0,59,2
13,0,60,4
13,0,61,6
13,0,62,4
13,0,63,3
13,0,64,0
13,0,65,0
13,0,66,1
13,0,67,2
13,0,68,2
13,0,69,1
13,0,70,1
13,0,71,1
13,0,72,1
13,0,73,1
13,0,74,0
13,0,75,0
13,0,76,1
13,0,77,0
13,0,78,0
13,0,79,0
14,0,0,0
14,0,1,0
14,0,2,0
14,0,3,1
14,0,4,1
14,0,5,0
14,0,6,0
14,0,7,1
14,0,8,3
14,0,9,2
14,0,10,0
14,0,11,1
14,0,12,2
14,0,13,0
14,0,14,0
14,0,15,1
14,0,16,1
14,0,17,3
14,0,18,2
14,0,19,1
14,0,20,2
14,0,21,5
14,0,22,4
14,0,23,3
14,0,24,0
14,0,25,2
14,0,26,5
14,0,27,3
14,0,28,3
14,0,29,1
14,0,30,0
14,0,31,2
14,0,32,1
14,0,33,2
14,0,34,1
14,0,35,2
14,0,36,4
14,0,37,4
14,0,38,2
14,0,39,4
14,0,40,3
14,0,41,4
14,0,42,5
14,0,43,4
14,0,44,7
14,0,45,3
14,0,46,2
14,0,47,3
14,0,48,2
14,0,49,2
14,0,50,3
14,0,51,1
14,0,52,3
14,0,53,4
14,0,54,2
14,0,55,2
14,0,56,3
14,0,57,2
14,0,58,2
14,0,59,3
14,0,60,4
14,0,61,2
14,0,62,1
14,0,63,1
14,0,64,1
14,0,65,0
14,0,66,2
14,0,67,3
14,0,68,1
14,0,69,0
14,0,70,2
14,0,71,3
14,0,72,2
14,0,73,0
14,0,74,0
14,0,75,0
14,0,76,0
14,0,77,0
14,0,78,0
14,0,79,1
15,0,0,0
15,0,1,0
15,0,2,0
15,0,3,0
15,0,4,1
15,0,5,1
15,0,6,0
15,0,7,2
15,0,8,2
15,0,9,2
15,0,10,2
15,0,11,1
15,0,12,2
15,0,13,2
15,0,14,0
15,0,15,0
15,0,16,1
15,0,17,2
15,0,18,3
15,0,19,3
15,0,20,2
15,0,21,1
15,0,22,3
15,0,23,5
15,0,24,3
15,0,25,2
15,0,26,2
15,0,27,4
15,0,28,4
15,0,29,2
15,0,30,0
15,0,31,2
15,0,32,0
15,0,33,3
15,0,34,2
15,0,35,2
15,0,36,4
15,0,37,3
15,0,38,3
15,0,39,2
15,0,40,3
15,0,41,2
15,0,42,3
15,0,43,8
15,0,44,7
15,0,45,5
15,0,46,3
15,0,47,4
15,0,48,3
15,0,49,2
15,0,50,2
15,0,51,2
15,0,52,1
15,0,53,1
15,0,54,3
15,0,55,2
15,0,56,1
15,0,57,0
15,0,58,2
15,0,59,2
15,0,60,3
15,0,61,2
15,0,62,0
15,0,63,0
15,0,64,1
15,0,65,0
15,0,66,2
15,0,67,2
15,0,68,1
15,0,69,1
15,0,70,2
15,0,71,2
15,0,72,1
15,0,73,0
15,0,74,0
15,0,75,0
15,0,76,0
15,0,77,0
15,0,78,1
15,0,79,1
16,0,0,0
16,0,1,0
16,0,2,0
16,0,3,0
16,0,4,0
16,0,5,0
16,0,6,0
16,0,7,2
16,0,8,2
16,0,9,1
16,0,10,3
16,0,11,0
16,0,12,0
16,0,13,3
16,0,14,2
16,0,15,0
16,0,16,0
16,0,17,1
16,0,18,2
16,0,19,2
16,0,20,2
16,0,21,2
16,0,22,2
16,0,23,3
16,0,24,5
16,0,25,3
16,0,26,3
16,0,27,3
16,0,28,3
16,0,29,3
16,0,30,6
16,0,31,2
16,0,32,0
16,0,33,1
16,0,34,2
16,0,35,4
16,0,36,4
16,0,37,2
16,0,38,2
16,0,39,1
16,0,40,2
16,0,41,2
16,0,42,4
16,0,43,9
16,0,44,6
16,0,45,1
16,0,46,1
16,0,47,3
16,0,48,4
16,0,49,1
16,0,50,1
16,0,51,1
16,0,52,1
16,0,53,0
16,0,54,4
16,0,55,2
16,0,56,2
16,0,57,1
16,0,58,4
16,0,59,2
16,0,60,1
16,0,61,2
16,0,62,0
16,0,63,0
16,0,64,2
16,0,65,2
16,0,66,2
16,0,67,1
16,0,68,1
16,0,69,1
16,0,70,1
16,0,71,0
16,0,72,0
16,0,73,0
16,0,74,0
16,0,75,0
16,0,76,0
16,0,77,1
16,0,78,1
16,0,79,1
17,0,0,0
17,0,1,0
17,0,2,0
17,0,3,0
17,0,4,0
17,0,5,0
17,0,6,1
17,0,7,0
17,0,8,2
17,0,9,0
17,0,10,2
17,0,11,2
17,0,12,0
17,0,13,3
17,0,14,3
17,0,15,2
17,0,16,1
17,0,17,1
17,0,18,3
17,0,19,2
17,0,20,3
17,0,21,3
17,0,22,3
17,0,23,2
17,0,24,4
17,0,25,3
17,0,26,5
17,0,27,2
17,0,28,2
17,0,29,1
17,0,30,5
17,0,31,6
17,0,32,1
17,0,33,1
17,0,34,3
17,0,35,3
17,0,36,5
17,0,37,2
17,0,38,2
17,0,39,2
17,0,40,3
17,0,41,4
17,0,42,4
17,0,43,3
17,0,44,7
17,0,45,3
17,0,46,2
17,0,47,4
17,0,48,4
17,0,49,3
17,0,50,2
17,0,51,2
17,0,52,2
17,0,53,2
17,0,54,5
17,0,55,5
17,0,56,4
17,0,57,1
17,0,58,5
17,0,59,3
17,0,60,0
17,0,61,2
17,0,62,0
17,0,63,0
17,0,64,1
17,0,65,3
17,0,66,2
17,0,67,1
17,0,68,1
17,0,69,0
17,0,70,1
17,0,71,0
17,0,72,0
17,0,73,0
17,0,74,0
17,0,75,1
17,0,76,2
17,0,77,2
17,0,78,3
17,0,79,3
18,0,0,1
18,0,1,0
18,0,2,0
18,0,3,0
18,0,4,0
18,0,5,0
18,0,6,1
18,0,7,0
18,0,8,2
18,0,9,0
18,0,10,0
18,0,11,1
18,0,12,1
18,0,13,1
18,0,14,1
18,0,15,1
18,0,16,2
18,0,17,2
18,0,18,4
18,0,19,1
18,0,20,2
18,0,21,3
18,0,22,2
18,0,23,3
18,0,24,2
18,0,25,2
18,0,26,5
18,0,27,4
18,0,28,2
18,0,29,2
18,0,30,2
18,0,31,5
18,0,32,5
18,0,33,4
18,0,34,3
18,0,35,4
18,0,36,5
18,0,37,4
18,0,38,5
18,0,39,5
18,0,40,2
18,0,41,2
18,0,42,2
18,0,43,3
18,0,44,7
18,0,45,6
18,0,46,4
18,0,47,4
18,0,48,1
18,0,49,1
18,0,50,2
18,0,51,3
18,0,52,3
18,0,53,4
18,0,54,5
18,0,55,4
18,0,56,2
18,0,57,4
18,0,58,4
18,0,59,0
18,0,60,1
18,0,61,2
18,0,62,0
18,0,63,0
18,0,64,0
18,0,65,4
18,0,66,3
18,0,67,1
18,0,68,0
18,0,69,0
18,0,70,1
18,0,71,0
18,0,72,0
18,0,73,1
18,0,74,2
18,0,75,3
18,0,76,2
18,0,77,1
18,0,78,1
18,0,79,1
19,0,0,3
19,0,1,2
19,0,2,1
19,0,3,1
19,0,4,0
19,0,5,0
19,0,6,1
19,0,7,1
19,0,8,2
19,0,9,0
19,0,10,0
19,0,11,1
19,0,12,2
19,0,13,1
19,0,14,2
19,0,15,2
19,0,16,0
19,0,17,1
19,0,18,1
19,0,19,1
19,0,20,3
19,0,21,2
19,0,22,1
19,0,23,3
19,0,24,3
19,0,25,1
19,0,26,3
19,0,27,5
19,0,28,4
19,0,29,2
19,0,30,3
19,0,31,4
19,0,32,3
19,0,33,5
19,0,34,3
19,0,35,8
19,0,36,8
19,0,37,4
19,0,38,6
19,0,39,4
19,0,40,2
19,0,41,2
19,0,42,5
19,0,43,2
19,0,44,4
19,0,45,9
19,0,46,5
19,0,47,2
19,0,48,1
19,0,49,4
19,0,50,3
19,0,51,3
19,0,52,3
19,0,53,3
19,0,54,3
19,0,55,2
19,0,56,4
19,0,57,7
19,0,58,1
19,0,59,0
19,0,60,1
19,0,61,1
19,0,62,1
19,0,63,0
19,0,64,0
19,0,65,3
19,0,66,2
19,0,67,0
19,0,68,1
19,0,69,1
19,0,70,1
19,0,71,0
19,0,72,2
19,0,73,3
19,0,74,2
19,0,75,1
19,0,76,0
19,0,77,1
19,0,78,2
19,0,79,1
20,0,0,1
20,0,1,2
20,0,2,2
20,0,3,3
20,0,4,2
20,0,5,2
20,0,6,1
20,0,7,0
20,0,8,2
20,0,9,0
20,0,10,0
20,0,11,0
20,0,12,1
20,0,13,1
20,0,14,0
20,0,15,2
20,0,16,1
20,0,17,2
20,0,18,1
20,0,19,1
20,0,20,2
20,0,21,2
20,0,22,4
20,0,23,4
20,0,24,3
20,0,25,0
20,0,26,2
20,0,27,7
20,0,28,2
20,0,29,4
20,0,30,3
20,0,31,4
20,0,32,2
20,0,33,5
20,0,34,5
20,0,35,6
20,0,36,8
20,0,37,4
20,0,38,5
20,0,39,4
20,0,40,2
20,0,41,3
20,0,42,6
20,0,43,3
20,0,44,7
20,0,45,11
20,0,46,6
20,0,47,4
20,0,48,1
20,0,49,4
20,0,50,5
20,0,51,6
20,0,52,2
20,0,53,1
20,0,54,2
20,0,55,4
20,0,56,5
20,0,57,2
20,0,58,0
20,0,59,0
20,0,60,2
20,0,61,3
20,0,62,3
20,0,63,2
20,0,64,1
20,0,65,2
20,0,66,1
20,0,67,1
20,0,68,1
20,0,69,1
20,0,70,1
20,0,71,2
20,0,72,3
20,0,73,1
20,0,74,1
20,0,75,0
20,0,76,1
20,0,77,2
20,0,78,1
20,0,79,0
21,0,0,1
21,0,1,2
21,0,2,2
21,0,3,1
21,0,4,1
21,0,5,3
21,0,6,3
21,0,7,1
21,0,8,2
21,0,9,0
21,0,10,0
21,0,11,0
21,0,12,0
21,0,13,2
21,0,14,1
21,0,15,1
21,0,16,2
21,0,17,1
21,0,18,2
21,0,19,2
21,0,20,2
21,0,21,2
21,0,22,4
21,0,23,3
21,0,24,2
21,0,25,1
21,0,26,0
21,0,27,6
21,0,28,5
21,0,29,4
21,0,30,3
21,0,31,8
21,0,32,7
21,0,33,7
21,0,34,8
21,0,35,7
21,0,36,11
21,0,37,5
21,0,38,7
21,0,39,8
21,0,40,7
21,0,41,5
21,0,42,9
21,0,43,5
21,0,44,11
21,0,45,8
21,0,46,3
21,0,47,6
21,0,48,3
21,0,49,4
21,0,50,3
21,0,51,1
21,0,52,1
21,0,53,2
21,0,54,5
21,0,55,7
21,0,56,4
21,0,57,0
21,0,58,0
21,0,59,2
21,0,60,5
21,0,61,3
21,0,62,3
21,0,63,2
21,0,64,0
21,0,65,2
21,0,66,2
21,0,67,1
21,0,68,0
21,0,69,1
21,0,70,2
21,0,71,4
21,0,72,4
21,0,73,2
21,0,74,1
21,0,75,1
21,0,76,2
21,0,77,1
21,0,78,1
21,0,79,1
22,0,0,1
22,0,1,2
22,0,2,5
22,0,3,4
22,0,4,3
22,0,5,2
22,0,6,4
22,0,7,4
22,0,8,5
22,0,9,1
22,0,10,1
22,0,11,0
22,0,12,1
22,0,13,1
22,0,14,2
22,0,15,0
22,0,16,2
22,0,17,4
22,0,18,1
22,0,19,2
22,0,20,2
22,0,21,1
22,0,22,2
22,0,23,5
22,0,24,4
22,0,25,1
22,0,26,1
22,0,27,3
22,0,28,7
22,0,29,8
22,0,30,2
22,0,31,8
22,0,32,7
22,0,33,4
22,0,34,9
22,0,35,13
22,0,36,12
22,0,37,6
22,0,38,8
22,0,39,9
22,0,40,11
22,0,41,11
22,0,42,10
22,0,43,7
22,0,44,10
22,0,45,5
22,0,46,6
22,0,47,7
22,0,48,6
22,0,49,6
22,0,50,2
22,0,51,1
22,0,52,4
22,0,53,4
22,0,54,5
22,0,55,4
22,0,56,2
22,0,57,1
22,0,58,1
22,0,59,5
22,0,60,4
22,0,61,3
22,0,62,3
22,0,63,2
22,0,64,2
22,0,65,2
22,0,66,0
22,0,67,0
22,0,68,0
22,0,69,0
22,0,70,2
22,0,71,6
22,0,72,3
22,0,73,2
22,0,74,3
22,0,75,4
22,0,76,3
22,0,77,2
22,0,78,2
22,0,79,1
23,0,0,0
23,0,1,0
23,0,2,1
23,0,3,2
23,0,4,3
23,0,5,2
23,0,6,2
23,0,7,3
23,0,8,7
23,0,9,5
23,0,10,5
23,0,11,2
23,0,12,3
23,0,13,2
23,0,14,5
23,0,15,5
23,0,16,1
23,0,17,4
23,0,18,1
23,0,19,1
23,0,20,0
23,0,21,0
23,0,22,1
23,0,23,2
23,0,24,6
23,0,25,5
23,0,26,1
23,0,27,4
23,0,28,8
23,0,29,10
23,0,30,4
23,0,31,4
23,0,32,13
23,0,33,6
23,0,34,5
23,0,35,11
23,0,36,15
23,0,37,14
23,0,38,6
23,0,39,10
23,0,40,13
23,0,41,10
23,0,42,15
23,0,43,7
23,0,44,13
23,0,45,8
23,0,46,14
23,0,47,12
23,0,48,5
23,0,49,8
23,0,50,3
23,0,51,8
23,0,52,9
23,0,53,3
23,0,54,6
23,0,55,3
23,0,56,3
23,0,57,1
23,0,58,2
23,0,59,4
23,0,60,3
23,0,61,3
23,0,62,3
23,0,63,3
23,0,64,3
23,0,65,1
23,0,66,1
23,0,67,1
23,0,68,1
23,0,69,3
23,0,70,5
23,0,71,4
23,0,72,1
23,0,73,2
23,0,74,2
23,0,75,1
23,0,76,0
23,0,77,1
23,0,78,1
23,0,79,0
24,0,0,1
24,0,1,0
24,0,2,0
24,0,3,0
24,0,4,1
24,0,5,1
24,0,6,0
24,0,7,0
24,0,8,1
24,0,9,1
24,0,10,3
24,0,11,2
24,0,12,3
24,0,13,3
24,0,14,4
24,0,15,7
24,0,16,4
24,0,17,2
24,0,18,4
24,0,19,2
24,0,20,1
24,0,21,0
24,0,22,1
24,0,23,2
24,0,24,3
24,0,25,4
24,0,26,6
24,0,27,4
24,0,28,6
24,0,29,10
24,0,30,6
24,0,31,5
24,0,32,9
24,0,33,13
24,0,34,8
24,0,35,11
24,0,36,12
24,0,37,15
24,0,38,10
24,0,39,15
24,0,40,13
24,0,41,11
24,0,42,22
24,0,43,12
24,0,44,15
24,0,45,13
24,0,46,7
24,0,47,10
24,0,48,6
24,0,49,10
24,0,50,11
24,0,51,8
24,0,52,3
24,0,53,3
24,0,54,4
24,0,55,2
24,0,56,3
24,0,57,1
24,0,58,2
24,0,59,3
24,0,60,3
24,0,61,1
24,0,62,2
24,0,63,2
24,0,64,2
24,0,65,0
24,0,66,0
24,0,67,0
24,0,68,2
24,0,69,3
24,0,70,3
24,0,71,2
24,0,72,1
24,0,73,0
24,0,74,1
24,0,75,0
24,0,76,0
24,0,77,1
24,0,78,0
24,0,79,0
25,0,0,2
25,0,1,1
25,0,2,2
25,0,3,1
25,0,4,1
25,0,5,1
25,0,6,1
25,0,7,0
25,0,8,1
25,0,9,0
25,0,10,2
25,0,11,3
25,0,12,3
25,0,13,3
25,0,14,2
25,0,15,3
25,0,16,6
25,0,17,4
25,0,18,4
25,0,19,4
25,0,20,2
25,0,21,2
25,0,22,1
25,0,23,2
25,0,24,5
25,0,25,6
25,0,26,7
25,0,27,4
25,0,28,5
25,0,29,10
25,0,30,13
25,0,31,10
25,0,32,7
25,0,33,12
25,0,34,18
25,0,35,14
25,0,36,16
25,0,37,18
25,0,38,19
25,0,39,21
25,0,40,11
25,0,41,12
25,0,42,10
25,0,43,15
25,0,44,15
25,0,45,8
25,0,46,6
25,0,47,12
25,0,48,11
25,0,49,10
25,0,50,11
25,0,51,8
25,0,52,4
25,0,53,5
25,0,54,5
25,0,55,1
25,0,56,2
25,0,57,3
25,0,58,5
25,0,59,2
25,0,60,2
25,0,61,0
25,0,62,0
25,0,63,2
25,0,64,1
25,0,65,0
25,0,66,1
25,0,67,2
25,0,68,2
25,0,69,2
25,0,70,2
25,0,71,0
25,0,72,0
25,0,73,1
25,0,74,1
25,0,75,0
25,0,76,0
25,0,77,1
25,0,78,0
25,0,79,2
26,0,0,1
26,0,1,2
26,0,2,3
26,0,3,3
26,0,4,2
26,0,5,2
26,0,6,3
26,0,7,1
26,0,8,2
26,0,9,1
26,0,10,1
26,0,11,1
26,0,12,1
26,0,13,1
26,0,14,1
26,0,15,2
26,0,16,3
26,0,17,6
26,0,18,5
26,0,19,5
26,0,20,2
26,0,21,4
26,0,22,3
26,0,23,3
26,0,24,4
26,0,25,3
26,0,26,6
26,0,27,11
26,0,28,10
26,0,29,5
26,0,30,13
26,0,31,9
26,0,32,12
26,0,33,13
26,0,34,14
26,0,35,15
26,0,36,12
26,0,37,18
26,0,38,18
26,0,39,17
26,0,40,15
26,0,41,14
26,0,42,20
26,0,43,19
26,0,44,14
26,0,45,14
26,0,46,11
26,0,47,7
26,0,48,10
26,0,49,12
26,0,50,10
26,0,51,8
26,0,52,8
26,0,53,8
26,0,54,4
26,0,55,2
26,0,56,5
26,0,57,4
26,0,58,7
26,0,59,3
26,0,60,1
26,0,61,0
26,0,62,2
26,0,63,2
26,0,64,1
26,0,65,1
26,0,66,2
26,0,67,2
26,0,68,2
26,0,69,2
26,0,70,0
26,0,71,0
26,0,72,0
26,0,73,1
26,0,74,0
26,0,75,0
26,0,76,1
26,0,77,2
26,0,78,2
26,0,79,2
27,0,0,2
27,0,1,3
27,0,2,3
27,0,3,1
27,0,4,2
27,0,5,0
27,0,6,3
27,0,7,4
27,0,8,4
27,0,9,0
27,0,10,0
27,0,11,0
27,0,12,0
27,0,13,2
27,0,14,2
27,0,15,1
27,0,16,1
27,0,17,3
27,0,18,4
27,0,19,8
27,0,20,6
27,0,21,3
27,0,22,6
27,0,23,3
27,0,24,1
27,0,25,6
27,0,26,10
27,0,27,9
27,0,28,10
27,0,29,14
27,0,30,16
27,0,31,21
27,0,32,15
27,0,33,18
27,0,34,16
27,0,35,14
27,0,36,19
27,0,37,20
27,0,38,16
27,0,39,12
27,0,40,12
27,0,41,15
27,0,42,22
27,0,43,20
27,0,44,19
27,0,45,13
27,0,46,14
27,0,47,7
27,0,48,13
27,0,49,11
27,0,50,13
27,0,51,10
27,0,52,7
27,0,53,7
27,0,54,3
27,0,55,3
27,0,56,3
27,0,57,6
27,0,58,5
27,0,59,2
27,0,60,3
27,0,61,0
27,0,62,1
27,0,63,0
27,0,64,3
27,0,65,3
27,0,66,2
27,0,67,2
27,0,68,2
27,0,69,1
27,0,70,0
27,0,71,0
27,0,72,0
27,0,73,1
27,0,74,1
27,0,75,1
27,0,76,2
27,0,77,1
27,0,78,1
27,0,79,0
28,0,0,3
28,0,1,2
28,0,2,2
28,0,3,2
28,0,4,4
28,0,5,3
28,0,6,4
28,0,7,3
28,0,8,4
28,0,9,3
28,0,10,2
28,0,11,1
28,0,12,1
28,0,13,2
28,0,14,2
28,0,15,1
28,0,16,1
28,0,17,0
28,0,18,0
28,0,19,5
28,0,20,10
28,0,21,4
28,0,22,4
28,0,23,5
28,0,24,5
28,0,25,6
28,0,26,5
28,0,27,10
28,0,28,13
28,0,29,16
28,0,30,14
28,0,31,12
28,0,32,11
28,0,33,20
28,0,34,12
28,0,35,11
28,0,36,18
28,0,37,19
28,0,38,17
28,0,39,18
28,0,40,16
28,0,41,18
28,0,42,15
28,0,43,19
28,0,44,15
28,0,45,20
28,0,46,18
28,0,47,13
28,0,48,18
28,0,49,9
28,0,50,11
28,0,51,12
28,0,52,17
28,0,53,12
28,0,54,4
28,0,55,3
28,0,56,5
28,0,57,8
28,0,58,0
28,0,59,1
28,0,60,3
28,0,61,4
28,0,62,4
28,0,63,3
28,0,64,4
28,0,65,2
28,0,66,2
28,0,67,2
28,0,68,2
28,0,69,0
28,0,70,0
28,0,71,0
28,0,72,1
28,0,73,3
28,0,74,2
28,0,75,2
28,0,76,2
28,0,77,1
28,0,78,2
28,0,79,0
29,0,0,3
29,0,1,2
29,0,2,3
29,0,3,3
29,0,4,2
29,0,5,1
29,0,6,3
29,0,7,2
29,0,8,2
29,0,9,3
29,0,10,3
29,0,11,3
29,0,12,2
29,0,13,1
29,0,14,0
29,0,15,0
29,0,16,1
29,0,17,1
29,0,18,1
29,0,19,3
29,0,20,8
29,0,21,7
29,0,22,6
29,0,23,7
29,0,24,8
29,0,25,6
29,0,26,4
29,0,27,11
29,0,28,14
29,0,29,16
29,0,30,16
29,0,31,11
29,0,32,13
29,0,33,23
29,0,34,20
29,0,35,13
29,0,36,8
29,0,37,15
29,0,38,8
29,0,39,16
29,0,40,15
29,0,41,21
29,0,42,20
29,0,43,24
29,0,44,10
29,0,45,20
29,0,46,19
29,0,47,16
29,0,48,15
29,0,49,13
29,0,50,14
29,0,51,9
29,0,52,6
29,0,53,9
29,0,54,11
29,0,55,5
29,0,56,3
29,0,57,6
29,0,58,4
29,0,59,5
29,0,60,2
29,0,61,5
29,0,62,4
29,0,63,4
29,0,64,4
29,0,65,4
29,0,66,2
29,0,67,0
29,0,68,0
29,0,69,0
29,0,70,0
29,0,71,2
29,0,72,2
29,0,73,2
29,0,74,2
29,0,75,3
29,0,76,3
29,0,77,2
29,0,78,1
29,0,79,0
30,0,0,2
30,0,1,2
30,0,2,3
30,0,3,2
30,0,4,1
30,0,5,3
30,0,6,3
30,0,7,2
30,0,8,1
30,0,9,2
30,0,10,2
30,0,11,2
30,0,12,4
30,0,13,2
30,0,14,2
30,0,15,1
30,0,16,0
30,0,17,5
30,0,18,6
30,0,19,6
30,0,20,5
30,0,21,4
30,0,22,3
30,0,23,5
30,0,24,9
30,0,25,9
30,0,26,8
30,0,27,9
30,0,28,11
30,0,29,12
30,0,30,14
30,0,31,12
30,0,32,15
30,0,33,15
30,0,34,15
30,0,35,15
30,0,36,12
30,0,37,13
30,0,38,8
30,0,39,14
30,0,40,15
30,0,41,20
30,0,42,14
30,0,43,13
30,0,44,6
30,0,45,15
30,0,46,17
30,0,47,10
30,0,48,12
30,0,49,18
30,0,50,16
30,0,51,12
30,0,52,14
30,0,53,8
30,0,54,8
30,0,55,7
30,0,56,3
30,0,57,4
30,0,58,1
30,0,59,4
30,0,60,3
30,0,61,3
30,0,62,3
30,0,63,3
30,0,64,3
30,0,65,3
30,0,66,2
30,0,67,2
30,0,68,2
30,0,69,4
30,0,70,3
30,0,71,3
30,0,72,1
30,0,73,1
30,0,74,1
30,0,75,0
30,0,76,1
30,0,77,0
30,0,78,0
30,0,79,0
31,0,0,0
31,0,1,0
31,0,2,2
31,0,3,1
31,0,4,1
31,0,5,1
31,0,6,0
31,0,7,1
31,0,8,1
31,0,9,3
31,0,10,4
31,0,11,2
31,0,12,2
31,0,13,2
31,0,14,2
31,0,15,2
31,0,16,4
31,0,17,4
31,0,18,4
31,0,19,5
31,0,20,4
31,0,21,6
31,0,22,3
31,0,23,4
31,0,24,7
31,0,25,7
31,0,26,9
31,0,27,7
31,0,28,13
31,0,29,14
31,0,30,16
31,0,31,15
31,0,32,15
31,0,33,13
31,0,34,17
31,0,35,26
31,0,36,24
31,0,37,12
31,0,38,16
31,0,39,17
31,0,40,21
31,0,41,24
31,0,42,16
31,0,43,16
31,0,44,16
31,0,45,24
31,0,46,17
31,0,47,15
31,0,48,11
31,0,49,6
31,0,50,11
31,0,51,13
31,0,52,14
31,0,53,5
31,0,54,5
31,0,55,3
31,0,56,6
31,0,57,5
31,0,58,3
31,0,59,6
31,0,60,6
31,0,61,4
31,0,62,4
31,0,63,3
31,0,64,1
31,0,65,2
31,0,66,0
31,0,67,0
31,0,68,2
31,0,69,3
31,0,70,2
31,0,71,2
31,0,72,1
31,0,73,1
31,0,74,0
31,0,75,0
31,0,76,0
31,0,77,0
31,0,78,0
31,0,79,0
32,0,0,2
32,0,1,3
32,0,2,4
32,0,3,1
32,0,4,1
32,0,5,1
32,0,6,1
32,0,7,1
32,0,8,1
32,0,9,1
32,0,10,1
32,0,11,2
32,0,12,3
32,0,13,1
32,0,14,1
32,0,15,3
32,0,16,4
32,0,17,3
32,0,18,1
32,0,19,1
32,0,20,4
32,0,21,6
32,0,22,3
32,0,23,4
32,0,24,6
32,0,25,9
32,0,26,10
32,0,27,11
32,0,28,17
32,0,29,17
32,0,30,23
32,0,31,15
32,0,32,18
32,0,33,25
32,0,34,15
32,0,35,21
32,0,36,23
32,0,37,18
32,0,38,20
32,0,39,14
32,0,40,17
32,0,41,18
32,0,42,15
32,0,43,16
32,0,44,18
32,0,45,17
32,0,46,21
32,0,47,8
32,0,48,12
32,0,49,10
32,0,50,10
32,0,51,14
32,0,52,14
32,0,53,11
32,0,54,9
32,0,55,6
32,0,56,8
32,0,57,4
32,0,58,3
32,0,59,4
32,0,60,6
32,0,61,7
32,0,62,5
32,0,63,1
32,0,64,0
32,0,65,2
32,0,66,1
32,0,67,2
32,0,68,2
32,0,69,0
32,0,70,1
32,0,71,0
32,0,72,1
32,0,73,2
32,0,74,1
32,0,75,1
32,0,76,1
32,0,77,0
32,0,78,0
32,0,79,1
33,0,0,6
33,0,1,5
33,0,2,2
33,0,3,1
33,0,4,1
33,0,5,1
33,0,6,3
33,0,7,2
33,0,8,1
33,0,9,1
33,0,10,1
33,0,11,0
33,0,12,3
33,0,13,1
33,0,14,1
33,0,15,0
33,0,16,2
33,0,17,4
33,0,18,3
33,0,19,4
33,0,20,6
33,0,21,3
33,0,22,3
33,0,23,2
33,0,24,5
33,0,25,6
33,0,26,10
33,0,27,11
33,0,28,17
33,0,29,18
33,0,30,16
33,0,31,22
33,0,32,19
33,0,33,22
33,0,34,14
33,0,35,19
33,0,36,27
33,0,37,22
33,0,38,12
33,0,39,14
33,0,40,24
33,0,41,14
33,0,42,15
33,0,43,16
33,0,44,18
33,0,45,10
33,0,46,16
33,0,47,19
33,0,48,18
33,0,49,15
33,0,50,12
33,0,51,16
33,0,52,13
33,0,53,12
33,0,54,10
33,0,55,12
33,0,56,10
33,0,57,5
33,0,58,5
33,0,59,5
33,0,60,3
33,0,61,1
33,0,62,2
33,0,63,2
33,0,64,1
33,0,65,3
33,0,66,6
33,0,67,5
33,0,68,1
33,0,69,2
33,0,70,1
33,0,71,0
33,0,72,1
33,0,73,1
33,0,74,0
33,0,75,0
33,0,76,1
33,0,77,1
33,0,78,2
33,0,79,2
34,0,0,3
34,0,1,3
34,0,2,4
34,0,3,2
34,0,4,1
34,0,5,2
34,0,6,3
34,0,7,2
34,0,8,1
34,0,9,1
34,0,10,2
34,0,11,2
34,0,12,3
34,0,13,5
34,0,14,3
34,0,15,2
34,0,16,3
34,0,17,1
34,0,18,3
34,0,19,3
34,0,20,4
34,0,21,4
34,0,22,5
34,0,23,4
34,0,24,7
34,0,25,9
34,0,26,10
34,0,27,16
34,0,28,14
34,0,29,14
34,0,30,14
34,0,31,18
34,0,32,23
34,0,33,19
34,0,34,20
34,0,35,21
34,0,36,22
34,0,37,26
34,0,38,17
34,0,39,8
34,0,40,22
34,0,41,20
34,0,42,15
34,0,43,10
34,0,44,16
34,0,45,12
34,0,46,13
34,0,47,17
34,0,48,27
34,0,49,12
34,0,50,10
34,0,51,12
34,0,52,11
34,0,53,12
34,0,54,10
34,0,55,11
34,0,56,11
34,0,57,7
34,0,58,4
34,0,59,2
34,0,60,1
34,0,61,1
34,0,62,1
34,0,63,2
34,0,64,3
34,0,65,5
34,0,66,3
34,0,67,3
34,0,68,4
34,0,69,3
34,0,70,2
34,0,71,1
34,0,72,1
34,0,73,0
34,0,74,0
34,0,75,0
34,0,76,0
34,0,77,1
34,0,78,1
34,0,79,2
35,0,0,2
35,0,1,2
35,0,2,2
35,0,3,2
35,0,4,1
35,0,5,0
35,0,6,1
35,0,7,1
35,0,8,1
35,0,9,2
35,0,10,1
35,0,11,2
35,0,12,3
35,0,13,4
35,0,14,3
35,0,15,5
35,0,16,5
35,0,17,2
35,0,18,3
35,0,19,1
35,0,20,3
35,0,21,3
35,0,22,3
35,0,23,4
35,0,24,5
35,0,25,6
35,0,26,12
35,0,27,14
35,0,28,13
35,0,29,17
35,0,30,16
35,0,31,15
35,0,32,17
35,0,33,14
35,0,34,12
35,0,35,14
35,0,36,11
35,0,37,18
35,0,38,20
35,0,39,18
35,0,40,20
35,0,41,23
35,0,42,11
35,0,43,12
35,0,44,10
35,0,45,12
35,0,46,17
35,0,47,12
35,0,48,7
35,0,49,12
35,0,50,7
35,0,51,8
35,0,52,14
35,0,53,10
35,0,54,9
35,0,55,5
35,0,56,8
35,0,57,6
35,0,58,2
35,0,59,0
35,0,60,3
35,0,61,3
35,0,62,4
35,0,63,4
35,0,64,3
35,0,65,3
35,0,66,1
35,0,67,1
35,0,68,1
35,0,69,0
35,0,70,1
35,0,71,2
35,0,72,2
35,0,73,1
35,0,74,2
35,0,75,1
35,0,76,2
35,0,77,3
35,0,78,1
35,0,79,2
36,0,0,1
36,0,1,2
36,0,2,1
36,0,3,1
36,0,4,3
36,0,5,3
36,0,6,2
36,0,7,2
36,0,8,2
36,0,9,1
36,0,10,0
36,0,11,1
36,0,12,1
36,0,13,0
36,0,14,2
36,0,15,3
36,0,16,3
36,0,17,3
36,0,18,3
36,0,19,4
36,0,20,2
36,0,21,1
36,0,22,2
36,0,23,7
36,0,24,6
36,0,25,14
36,0,26,15
36,0,27,13
36,0,28,14
36,0,29,16
36,0,30,14
36,0,31,19
36,0,32,15
36,0,33,15
36,0,34,17
36,0,35,10
36,0,36,21
36,0,37,17
36,0,38,22
36,0,39,21
36,0,40,19
36,0,41,19
36,0,42,19
36,0,43,16
36,0,44,18
36,0,45,11
36,0,46,15
36,0,47,15
36,0,48,8
36,0,49,7
36,0,50,15
36,0,51,6
36,0,52,10
36,0,53,7
36,0,54,7
36,0,55,5
36,0,56,5
36,0,57,4
36,0,58,7
36,0,59,7
36,0,60,7
36,0,61,8
36,0,62,7
36,0,63,4
36,0,64,3
36,0,65,3
36,0,66,3
36,0,67,4
36,0,68,4
36,0,69,3
36,0,70,2
36,0,71,3
36,0,72,1
36,0,73,1
36,0,74,2
36,0,75,2
36,0,76,2
36,0,77,3
36,0,78,2
36,0,79,3
37,0,0,1
37,0,1,2
37,0,2,4
37,0,3,2
37,0,4,2
37,0,5,4
37,0,6,4
37,0,7,2
37,0,8,2
37,0,9,2
37,0,10,2
37,0,11,2
37,0,12,1
37,0,13,3
37,0,14,1
37,0,15,1
37,0,16,1
37,0,17,1
37,0,18,1
37,0,19,3
37,0,20,4
37,0,21,7
37,0,22,6
37,0,23,7
37,0,24,12
37,0,25,14
37,0,26,11
37,0,27,18
37,0,28,13
37,0,29,10
37,0,30,13
37,0,31,19
37,0,32,21
37,0,33,19
37,0,34,12
37,0,35,14
37,0,36,10
37,0,37,21
37,0,38,24
37,0,39,24
37,0,40,20
37,0,41,23
37,0,42,23
37,0,43,19
37,0,44,13
37,0,45,9
37,0,46,15
37,0,47,14
37,0,48,10
37,0,49,12
37,0,50,9
37,0,51,9
37,0,52,15
37,0,53,15
37,0,54,15
37,0,55,15
37,0,56,14
37,0,57,7
37,0,58,7
37,0,59,8
37,0,60,7
37,0,61,5
37,0,62,4
37,0,63,1
37,0,64,1
37,0,65,2
37,0,66,4
37,0,67,4
37,0,68,2
37,0,69,2
37,0,70,3
37,0,71,2
37,0,72,1
37,0,73,1
37,0,74,1
37,0,75,1
37,0,76,0
37,0,77,2
37,0,78,2
37,0,79,2
38,0,0,1
38,0,1,1
38,0,2,3
38,0,3,1
38,0,4,1
38,0,5,1
38,0,6,2
38,0,7,1
38,0,8,1
38,0,9,3
38,0,10,3
38,0,11,0
38,0,12,1
38,0,13,2
38,0,14,2
38,0,15,3
38,0,16,2
38,0,17,1
38,0,18,1
38,0,19,6
38,0,20,4
38,0,21,3
38,0,22,7
38,0,23,9
38,0,24,18
38,0,25,14
38,0,26,11
38,0,27,20
38,0,28,17
38,0,29,18
38,0,30,12
38,0,31,17
38,0,32,16
38,0,33,15
38,0,34,17
38,0,35,25
38,0,36,21
38,0,37,21
38,0,38,33
38,0,39,16
38,0,40,27
38,0,41,31
38,0,42,35
38,0,43,28
38,0,44,21
38,0,45,20
38,0,46,19
38,0,47,11
38,0,48,13
38,0,49,19
38,0,50,19
38,0,51,18
38,0,52,19
38,0,53,9
38,0,54,14
38,0,55,11
38,0,56,10
38,0,57,6
38,0,58,6
38,0,59,6
38,0,60,3
38,0,61,3
38,0,62,4
38,0,63,3
38,0,64,4
38,0,65,2
38,0,66,1
38,0,67,2
38,0,68,1
38,0,69,0
38,0,70,3
38,0,71,3
38,0,72,3
38,0,73,3
38,0,74,3
38,0,75,3
38,0,76,3
38,0,77,3
38,0,78,2
38,0,79,2
39,0,0,1
39,0,1,1
39,0,2,1
39,0,3,2
39,0,4,1
39,0,5,0
39,0,6,1
39,0,7,2
39,0,8,1
39,0,9,3
39,0,10,4
39,0,11,4
39,0,12,3
39,0,13,2
39,0,14,3
39,0,15,1
39,0,16,1
39,0,17,2
39,0,18,3
39,0,19,2
39,0,20,2
39,0,21,3
39,0,22,4
39,0,23,6
39,0,24,9
39,0,25,10
39,0,26,15
39,0,27,9
39,0,28,14
39,0,29,18
39,0,30,15
39,0,31,19
39,0,32,19
39,0,33,19
39,0,34,19
39,0,35,28
39,0,36,23
39,0,37,26
39,0,38,35
39,0,39,35
39,0,40,29
39,0,41,23
39,0,42,23
39,0,43,25
39,0,44,23
39,0,45,27
39,0,46,19
39,0,47,16
39,0,48,15
39,0,49,10
39,0,50,13
39,0,51,19
39,0,52,16
39,0,53,13
39,0,54,13
39,0,55,9
39,0,56,12
39,0,57,10
39,0,58,7
39,0,59,1
39,0,60,1
39,0,61,1
39,0,62,1
39,0,63,2
39,0,64,2
39,0,65,3
39,0,66,3
39,0,67,3
39,0,68,2
39,0,69,3
39,0,70,4
39,0,71,2
39,0,72,1
39,0,73,1
39,0,74,2
39,0,75,2
39,0,76,3
39,0,77,3
39,0,78,1
39,0,79,1
40,0,0,1
40,0,1,2
40,0,2,3
40,0,3,4
40,0,4,4
40,0,5,2
40,0,6,2
40,0,7,3
40,0,8,1
40,0,9,1
40,0,10,0
40,0,11,1
40,0,12,3
40,0,13,2
40,0,14,2
40,0,15,0
40,0,16,1
40,0,17,2
40,0,18,1
40,0,19,1
40,0,20,1
40,0,21,3
40,0,22,9
40,0,23,8
40,0,24,11
40,0,25,10
40,0,26,9
40,0,27,7
40,0,28,14
40,0,29,12
40,0,30,15
40,0,31,16
40,0,32,8
40,0,33,23
40,0,34,19
40,0,35,19
40,0,36,24
40,0,37,30
40,0,38,28
40,0,39,28
40,0,40,23
40,0,41,31
40,0,42,24
40,0,43,21
40,0,44,25
40,0,45,31
40,0,46,20
40,0,47,20
40,0,48,13
40,0,49,13
40,0,50,20
40,0,51,10
40,0,52,12
40,0,53,11
40,0,54,10
40,0,55,10
40,0,56,5
40,0,57,5
40,0,58,7
40,0,59,5
40,0,60,5
40,0,61,4
40,0,62,2
40,0,63,2
40,0,64,2
40,0,65,2
40,0,66,1
40,0,67,2
40,0,68,1
40,0,69,2
40,0,70,2
40,0,71,2
40,0,72,1
40,0,73,0
40,0,74,1
40,0,75,1
40,0,76,1
40,0,77,2
40,0,78,2
40,0,79,2
41,0,0,0
41,0,1,0
41,0,2,0
41,0,3,0
41,0,4,1
41,0,5,0
41,0,6,0
41,0,7,1
41,0,8,2
41,0,9,1
41,0,10,1
41,0,11,2
41,0,12,1
41,0,13,0
41,0,14,2
41,0,15,3
41,0,16,3
41,0,17,3
41,0,18,0
41,0,19,2
41,0,20,3
41,0,21,7
41,0,22,6
41,0,23,8
41,0,24,11
41,0,25,11
41,0,26,10
41,0,27,9
41,0,28,12
41,0,29,16
41,0,30,11
41,0,31,14
41,0,32,17
41,0,33,7
41,0,34,15
41,0,35,13
41,0,36,14
41,0,37,20
41,0,38,29
41,0,39,20
41,0,40,25
41,0,41,30
41,0,42,32
41,0,43,34
41,0,44,31
41,0,45,29
41,0,46,17
41,0,47,22
41,0,48,12
41,0,49,12
41,0,50,20
41,0,51,17
41,0,52,15
41,0,53,15
41,0,54,12
41,0,55,9
41,0,56,7
41,0,57,4
41,0,58,4
41,0,59,6
41,0,60,4
41,0,61,1
41,0,62,3
41,0,63,1
41,0,64,1
41,0,65,2
41,0,66,2
41,0,67,1
41,0,68,1
41,0,69,2
41,0,70,1
41,0,71,2
41,0,72,1
41,0,73,2
41,0,74,2
41,0,75,0
41,0,76,0
41,0,77,0
41,0,78,0
41,0,79,0
42,0,0,1
42,0,1,0
42,0,2,0
42,0,3,0
42,0,4,1
42,0,5,0
42,0,6,0
42,0,7,1
42,0,8,2
42,0,9,2
42,0,10,2
42,0,11,2
42,0,12,1
42,0,13,0
42,0,14,1
42,0,15,4
42,0,16,3
42,0,17,3
42,0,18,5
42,0,19,6
42,0,20,6
42,0,21,5
42,0,22,4
42,0,23,9
42,0,24,9
42,0,25,12
42,0,26,15
42,0,27,19
42,0,28,16
42,0,29,14
42,0,30,15
42,0,31,16
42,0,32,13
42,0,33,15
42,0,34,14
42,0,35,14
42,0,36,18
42,0,37,22
42,0,38,24
42,0,39,27
42,0,40,20
42,0,41,24
42,0,42,33
42,0,43,32
42,0,44,31
42,0,45,27
42,0,46,21
42,0,47,24
42,0,48,18
42,0,49,18
42,0,50,21
42,0,51,19
42,0,52,14
42,0,53,9
42,0,54,10
42,0,55,6
42,0,56,8
42,0,57,4
42,0,58,4
42,0,59,5
42,0,60,2
42,0,61,1
42,0,62,1
42,0,63,1
42,0,64,0
42,0,65,0
42,0,66,1
42,0,67,1
42,0,68,2
42,0,69,2
42,0,70,1
42,0,71,1
42,0,72,1
42,0,73,1
42,0,74,2
42,0,75,2
42,0,76,2
42,0,77,1
42,0,78,1
42,0,79,2
43,0,0,1
43,0,1,1
43,0,2,0
43,0,3,0
43,0,4,0
43,0,5,0
43,0,6,0
43,0,7,1
43,0,8,1
43,0,9,3
43,0,10,2
43,0,11,1
43,0,12,0
43,0,13,1
43,0,14,2
43,0,15,2
43,0,16,1
43,0,17,2
43,0,18,5
43,0,19,3
43,0,20,3
43,0,21,6
43,0,22,8
43,0,23,10
43,0,24,11
43,0,25,12
43,0,26,8
43,0,27,8
43,0,28,13
43,0,29,10
43,0,30,14
43,0,31,17
43,0,32,17
43,0,33,16
43,0,34,17
43,0,35,15
43,0,36,21
43,0,37,29
43,0,38,25
43,0,39,19
43,0,40,22
43,0,41,21
43,0,42,29
43,0,43,42
43,0,44,22
43,0,45,27
43,0,46,21
43,0,47,18
43,0,48,22
43,0,49,18
43,0,50,18
43,0,51,18
43,0,52,10
43,0,53,12
43,0,54,13
43,0,55,10
43,0,56,10
43,0,57,2
43,0,58,4
43,0,59,4
43,0,60,7
43,0,61,5
43,0,62,1
43,0,63,0
43,0,64,1
43,0,65,0
43,0,66,0
43,0,67,0
43,0,68,1
43,0,69,0
43,0,70,0
43,0,71,0
43,0,72,0
43,0,73,0
43,0,74,0
43,0,75,0
43,0,76,1
43,0,77,2
43,0,78,2
43,0,79,2
44,0,0,0
44,0,1,1
44,0,2,1
44,0,3,0
44,0,4,0
44,0,5,0
44,0,6,1
44,0,7,2
44,0,8,2
44,0,9,2
44,0,10,2
44,0,11,0
44,0,12,1
44,0,13,1
44,0,14,3
44,0,15,4
44,0,16,6
44,0,17,5
44,0,18,1
44,0,19,1
44,0,20,6
44,0,21,5
44,0,22,5
44,0,23,6
44,0,24,10
44,0,25,13
44,0,26,6
44,0,27,11
44,0,28,17
44,0,29,12
44,0,30,16
44,0,31,15
44,0,32,16
44,0,33,20
44,0,34,15
44,0,35,18
44,0,36,19
44,0,37,25
44,0,38,18
44,0,39,22
44,0,40,16
44,0,41,19
44,0,42,15
44,0,43,14
44,0,44,20
44,0,45,28
44,0,46,23
44,0,47,20
44,0,48,25
44,0,49,20
44,0,50,20
44,0,51,19
44,0,52,14
44,0,53,14
44,0,54,11
44,0,55,11
44,0,56,9
44,0,57,3
44,0,58,2
44,0,59,1
44,0,60,2
44,0,61,3
44,0,62,2
44,0,63,1
44,0,64,1
44,0,65,0
44,0,66,1
44,0,67,1
44,0,68,2
44,0,69,0
44,0,70,0
44,0,71,0
44,0,72,0
44,0,73,0
44,0,74,0
44,0,75,0
44,0,76,1
44,0,77,1
44,0,78,2
44,0,79,2
45,0,0,0
45,0,1,0
45,0,2,0
45,0,3,0
45,0,4,0
45,0,5,0
45,0,6,1
45,0,7,1
45,0,8,1
45,0,9,0
45,0,10,3
45,0,11,1
45,0,12,1
45,0,13,1
45,0,14,3
45,0,15,2
45,0,16,6
45,0,17,3
45,0,18,1
45,0,19,3
45,0,20,6
45,0,21,6
45,0,22,4
45,0,23,2
45,0,24,6
45,0,25,7
45,0,26,4
45,0,27,13
45,0,28,11
45,0,29,17
45,0,30,18
45,0,31,19
45,0,32,16
45,0,33,16
45,0,34,15
45,0,35,20
45,0,36,18
45,0,37,18
45,0,38,14
45,0,39,17
45,0,40,23
45,0,41,20
45,0,42,18
45,0,43,16
45,0,44,20
45,0,45,25
45,0,46,19
45,0,47,17
45,0,48,19
45,0,49,22
45,0,50,23
45,0,51,18
45,0,52,14
45,0,53,14
45,0,54,11
45,0,55,8
45,0,56,9
45,0,57,6
45,0,58,6
45,0,59,3
45,0,60,0
45,0,61,2
45,0,62,1
45,0,63,1
45,0,64,2
45,0,65,0
45,0,66,1
45,0,67,1
45,0,68,2
45,0,69,1
45,0,70,1
45,0,71,0
45,0,72,0
45,0,73,0
45,0,74,0
45,0,75,1
45,0,76,2
45,0,77,1
45,0,78,2
45,0,79,2
46,0,0,0
46,0,1,2
46,0,2,2
46,0,3,1
46,0,4,1
46,0,5,1
46,0,6,1
46,0,7,1
46,0,8,0
46,0,9,1
46,0,10,4
46,0,11,3
46,0,12,2
46,0,13,2
46,0,14,4
46,0,15,3
46,0,16,4
46,0,17,6
46,0,18,4
46,0,19,4
46,0,20,5
46,0,21,5
46,0,22,4
46,0,23,4
46,0,24,4
46,0,25,6
46,0,26,11
46,0,27,15
46,0,28,12
46,0,29,13
46,0,30,21
46,0,31,26
46,0,32,13
46,0,33,16
46,0,34,19
46,0,35,12
46,0,36,17
46,0,37,15
46,0,38,16
46,0,39,13
46,0,40,19
46,0,41,20
46,0,42,24
46,0,43,20
46,0,44,34
46,0,45,29
46,0,46,19
46,0,47,13
46,0,48,18
46,0,49,18
46,0,50,21
46,0,51,18
46,0,52,11
46,0,53,5
46,0,54,8
46,0,55,4
46,0,56,8
46,0,57,3
46,0,58,5
46,0,59,5
46,0,60,3
46,0,61,4
46,0,62,3
46,0,63,1
46,0,64,3
46,0,65,0
46,0,66,1
46,0,67,1
46,0,68,0
46,0,69,0
46,0,70,2
46,0,71,2
46,0,72,2
46,0,73,1
46,0,74,3
46,0,75,4
46,0,76,3
46,0,77,2
46,0,78,2
46,0,79,1
47,0,0,0
47,0,1,0
47,0,2,1
47,0,3,1
47,0,4,1
47,0,5,1
47,0,6,1
47,0,7,1
47,0,8,1
47,0,9,2
47,0,10,2
47,0,11,5
47,0,12,2
47,0,13,4
47,0,14,4
47,0,15,2
47,0,16,1
47,0,17,3
47,0,18,4
47,0,19,4
47,0,20,4
47,0,21,3
47,0,22,1
47,0,23,4
47,0,24,7
47,0,25,10
47,0,26,8
47,0,27,10
47,0,28,8
47,0,29,14
47,0,30,11
47,0,31,18
47,0,32,16
47,0,33,20
47,0,34,15
47,0,35,16
47,0,36,19
47,0,37,22
47,0,38,23
47,0,39,14
47,0,40,23
47,0,41,27
47,0,42,17
47,0,43,26
47,0,44,26
47,0,45,24
47,0,46,13
47,0,47,11
47,0,48,12
47,0,49,15
47,0,50,15
47,0,51,20
47,0,52,13
47,0,53,5
47,0,54,5
47,0,55,5
47,0,56,8
47,0,57,8
47,0,58,5
47,0,59,2
47,0,60,1
47,0,61,3
47,0,62,5
47,0,63,4
47,0,64,5
47,0,65,5
47,0,66,5
47,0,67,5
47,0,68,1
47,0,69,2
47,0,70,2
47,0,71,1
47,0,72,2
47,0,73,3
47,0,74,4
47,0,75,2
47,0,76,1
47,0,77,1
47,0,78,1
47,0,79,1
48,0,0,0
48,0,1,0
48,0,2,0
48,0,3,0
48,0,4,2
48,0,5,3
48,0,6,2
48,0,7,2
48,0,8,2
48,0,9,3
48,0,10,3
48,0,11,5
48,0,12,4
48,0,13,4
48,0,14,0
48,0,15,1
48,0,16,2
48,0,17,8
48,0,18,6
48,0,19,5
48,0,20,5
48,0,21,1
48,0,22,2
48,0,23,6
48,0,24,8
48,0,25,5
48,0,26,7
48,0,27,11
48,0,28,12
48,0,29,13
48,0,30,12
48,0,31,14
48,0,32,12
48,0,33,17
48,0,34,17
48,0,35,14
48,0,36,26
48,0,37,21
48,0,38,24
48,0,39,24
48,0,40,28
48,0,41,31
48,0,42,31
48,0,43,18
48,0,44,19
48,0,45,20
48,0,46,21
48,0,47,14
48,0,48,16
48,0,49,22
48,0,50,17
48,0,51,23
48,0,52,13
48,0,53,12
48,0,54,6
48,0,55,4
48,0,56,6
48,0,57,7
48,0,58,6
48,0,59,5
48,0,60,3
48,0,61,2
48,0,62,2
48,0,63,2
48,0,64,2
48,0,65,3
48,0,66,3
48,0,67,3
48,0,68,2
48,0,69,3
48,0,70,2
48,0,71,1
48,0,72,3
48,0,73,4
48,0,74,3
48,0,75,2
48,0,76,2
48,0,77,2
48,0,78,2
48,0,79,1
49,0,0,1
49,0,1,1
49,0,2,0
49,0,3,1
49,0,4,2
49,0,5,2
49,0,6,1
49,0,7,3
49,0,8,4
49,0,9,5
49,0,10,4
49,0,11,7
49,0,12,5
49,0,13,2
49,0,14,1
49,0,15,2
49,0,16,5
49,0,17,6
49,0,18,5
49,0,19,4
49,0,20,4
49,0,21,3
49,0,22,5
49,0,23,6
49,0,24,3
49,0,25,3
49,0,26,7
49,0,27,14
49,0,28,12
49,0,29,9
49,0,30,11
49,0,31,9
49,0,32,17
49,0,33,21
49,0,34,18
49,0,35,22
49,0,36,18
49,0,37,15
49,0,38,23
49,0,39,21
49,0,40,27
49,0,41,15
49,0,42,29
49,0,43,15
49,0,44,12
49,0,45,19
49,0,46,23
49,0,47,21
49,0,48,22
49,0,49,15
49,0,50,8
49,0,51,13
49,0,52,15
49,0,53,10
49,0,54,3
49,0,55,6
49,0,56,3
49,0,57,4
49,0,58,4
49,0,59,5
49,0,60,4
49,0,61,2
49,0,62,2
49,0,63,0
49,0,64,1
49,0,65,3
49,0,66,1
49,0,67,1
49,0,68,1
49,0,69,1
49,0,70,3
49,0,71,2
49,0,72,3
49,0,73,2
49,0,74,1
49,0,75,0
49,0,76,0
49,0,77,1
49,0,78,2
49,0,79,2
50,0,0,0
50,0,1,1
50,0,2,4
50,0,3,4
50,0,4,3
50,0,5,3
50,0,6,3
50,0,7,4
50,0,8,3
50,0,9,2
50,0,10,4
50,0,11,5
50,0,12,6
50,0,13,6
50,0,14,6
50,0,15,5
50,0,16,6
50,0,17,6
50,0,18,5
50,0,19,4
50,0,20,4
50,0,21,0
50,0,22,4
50,0,23,6
50,0,24,3
50,0,25,8
50,0,26,7
50,0,27,13
50,0,28,15
50,0,29,11
50,0,30,13
50,0,31,7
50,0,32,14
50,0,33,15
50,0,34,16
50,0,35,18
50,0,36,12
50,0,37,19
50,0,38,22
50,0,39,24
50,0,40,24
50,0,41,14
50,0,42,16
50,0,43,20
50,0,44,20
50,0,45,16
50,0,46,20
50,0,47,20
50,0,48,19
50,0,49,15
50,0,50,12
50,0,51,10
50,0,52,16
50,0,53,14
50,0,54,7
50,0,55,8
50,0,56,6
50,0,57,3
50,0,58,1
50,0,59,2
50,0,60,4
50,0,61,2
50,0,62,1
50,0,63,1
50,0,64,1
50,0,65,3
50,0,66,0
50,0,67,1
50,0,68,2
50,0,69,1
50,0,70,2
50,0,71,1
50,0,72,2
50,0,73,1
50,0,74,1
50,0,75,2
50,0,76,1
50,0,77,0
50,0,78,0
50,0,79,2
51,0,0,2
51,0,1,5
51,0,2,5
51,0,3,3
51,0,4,3
51,0,5,2
51,0,6,0
51,0,7,1
51,0,8,3
51,0,9,3
51,0,10,3
51,0,11,1
51,0,12,2
51,0,13,3
51,0,14,5
51,0,15,4
51,0,16,6
51,0,17,4
51,0,18,4
51,0,19,1
51,0,20,3
51,0,21,4
51,0,22,6
51,0,23,8
51,0,24,5
51,0,25,9
51,0,26,5
51,0,27,7
51,0,28,9
51,0,29,10
51,0,30,7
51,0,31,9
51,0,32,11
51,0,33,12
51,0,34,22
51,0,35,18
51,0,36,15
51,0,37,23
51,0,38,19
51,0,39,29
51,0,40,16
51,0,41,19
51,0,42,20
51,0,43,16
51,0,44,15
51,0,45,16
51,0,46,18
51,0,47,14
51,0,48,13
51,0,49,11
51,0,50,10
51,0,51,11
51,0,52,10
51,0,53,12
51,0,54,14
51,0,55,7
51,0,56,6
51,0,57,8
51,0,58,7
51,0,59,6
51,0,60,4
51,0,61,3
51,0,62,2
51,0,63,3
51,0,64,4
51,0,65,5
51,0,66,2
51,0,67,0
51,0,68,2
51,0,69,2
51,0,70,2
51,0,71,4
51,0,72,2
51,0,73,2
51,0,74,2
51,0,75,1
51,0,76,1
51,0,77,1
51,0,78,1
51,0,79,1
52,0,0,3
52,0,1,3
52,0,2,0
52,0,3,1
52,0,4,1
52,0,5,1
52,0,6,2
52,0,7,2
52,0,8,4
52,0,9,3
52,0,10,2
52,0,11,1
52,0,12,2
52,0,13,3
52,0,14,2
52,0,15,3
52,0,16,4
52,0,17,3
52,0,18,3
52,0,19,1
52,0,20,10
52,0,21,8
52,0,22,7
52,0,23,3
52,0,24,5
52,0,25,3
52,0,26,7
52,0,27,4
52,0,28,6
52,0,29,11
52,0,30,5
52,0,31,13
52,0,32,14
52,0,33,15
52,0,34,19
52,0,35,18
52,0,36,22
52,0,37,20
52,0,38,15
52,0,39,27
52,0,40,17
52,0,41,15
52,0,42,13
52,0,43,10
52,0,44,15
52,0,45,26
52,0,46,20
52,0,47,14
52,0,48,9
52,0,49,4
52,0,50,6
52,0,51,4
52,0,52,12
52,0,53,9
52,0,54,11
52,0,55,6
52,0,56,4
52,0,57,2
52,0,58,5
52,0,59,5
52,0,60,3
52,0,61,3
52,0,62,0
52,0,63,0
52,0,64,2
52,0,65,4
52,0,66,3
52,0,67,2
52,0,68,2
52,0,69,2
52,0,70,2
52,0,71,1
52,0,72,1
52,0,73,2
52,0,74,3
52,0,75,2
52,0,76,2
52,0,77,2
52,0,78,1
52,0,79,2
53,0,0,1
53,0,1,0
53,0,2,2
53,0,3,3
53,0,4,1
53,0,5,2
53,0,6,2
53,0,7,3
53,0,8,3
53,0,9,0
53,0,10,1
53,0,11,1
53,0,12,2
53,0,13,2
53,0,14,3
53,0,15,4
53,0,16,2
53,0,17,2
53,0,18,5
53,0,19,6
53,0,20,7
53,0,21,7
53,0,22,6
53,0,23,7
53,0,24,7
53,0,25,4
53,0,26,3
53,0,27,2
53,0,28,6
53,0,29,8
53,0,30,7
53,0,31,9
53,0,32,13
53,0,33,19
53,0,34,15
53,0,35,22
53,0,36,22
53,0,37,15
53,0,38,15
53,0,39,17
53,0,40,11
53,0,41,14
53,0,42,17
53,0,43,19
53,0,44,18
53,0,45,15
53,0,46,15
53,0,47,11
53,0,48,8
53,0,49,15
53,0,50,8
53,0,51,9
53,0,52,6
53,0,53,4
53,0,54,8
53,0,55,6
53,0,56,2
53,0,57,0
53,0,58,1
53,0,59,6
53,0,60,4
53,0,61,6
53,0,62,2
53,0,63,0
53,0,64,2
53,0,65,4
53,0,66,5
53,0,67,6
53,0,68,4
53,0,69,2
53,0,70,3
53,0,71,2
53,0,72,1
53,0,73,2
53,0,74,2
53,0,75,1
53,0,76,2
53,0,77,3
53,0,78,2
53,0,79,3
54,0,0,2
54,0,1,2
54,0,2,3
54,0,3,1
54,0,4,0
54,0,5,1
54,0,6,3
54,0,7,4
54,0,8,1
54,0,9,1
54,0,10,2
54,0,11,1
54,0,12,2
54,0,13,1
54,0,14,2
54,0,15,3
54,0,16,5
54,0,17,3
54,0,18,3
54,0,19,2
54,0,20,4
54,0,21,4
54,0,22,4
54,0,23,8
54,0,24,5
54,0,25,10
54,0,26,7
54,0,27,7
54,0,28,7
54,0,29,10
54,0,30,13
54,0,31,6
54,0,32,14
54,0,33,13
54,0,34,13
54,0,35,13
54,0,36,21
54,0,37,14
54,0,38,18
54,0,39,19
54,0,40,12
54,0,41,15
54,0,42,16
54,0,43,19
54,0,44,17
54,0,45,10
54,0,46,7
54,0,47,14
54,0,48,12
54,0,49,10
54,0,50,4
54,0,51,5
54,0,52,7
54,0,53,8
54,0,54,7
54,0,55,11
54,0,56,7
54,0,57,5
54,0,58,2
54,0,59,2
54,0,60,2
54,0,61,4
54,0,62,7
54,0,63,5
54,0,64,4
54,0,65,3
54,0,66,4
54,0,67,2
54,0,68,2
54,0,69,1
54,0,70,3
54,0,71,3
54,0,72,3
54,0,73,1
54,0,74,1
54,0,75,0
54,0,76,0
54,0,77,0
54,0,78,0
54,0,79,1
55,0,0,2
55,0,1,3
55,0,2,2
55,0,3,1
55,0,4,2
55,0,5,3
55,0,6,4
55,0,7,1
55,0,8,1
55,0,9,2
55,0,10,2
55,0,11,1
55,0,12,1
55,0,13,0
55,0,14,3
55,0,15,4
55,0,16,3
55,0,17,1
55,0,18,1
55,0,19,2
55,0,20,0
55,0,21,2
55,0,22,4
55,0,23,3
55,0,24,1
55,0,25,3
55,0,26,6
55,0,27,4
55,0,28,10
55,0,29,6
55,0,30,13
55,0,31,9
55,0,32,18
55,0,33,10
55,0,34,10
55,0,35,8
55,0,36,15
55,0,37,10
55,0,38,12
55,0,39,17
55,0,40,14
55,0,41,19
55,0,42,13
55,0,43,18
55,0,44,14
55,0,45,14
55,0,46,11
55,0,47,11
55,0,48,11
55,0,49,13
55,0,50,11
55,0,51,11
55,0,52,9
55,0,53,10
55,0,54,3
55,0,55,7
55,0,56,6
55,0,57,5
55,0,58,5
55,0,59,2
55,0,60,1
55,0,61,1
55,0,62,3
55,0,63,7
55,0,64,4
55,0,65,2
55,0,66,3
55,0,67,1
55,0,68,2
55,0,69,1
55,0,70,2
55,0,71,2
55,0,72,6
55,0,73,2
55,0,74,2
55,0,75,1
55,0,76,0
55,0,77,0
55,0,78,0
55,0,79,2
56,0,0,4
56,0,1,3
56,0,2,1
56,0,3,2
56,0,4,5
56,0,5,4
56,0,6,3
56,0,7,2
56,0,8,3
56,0,9,2
56,0,10,1
56,0,11,3
56,0,12,6
56,0,13,7
56,0,14,7
56,0,15,4
56,0,16,2
56,0,17,1
56,0,18,2
56,0,19,2
56,0,20,1
56,0,21,5
56,0,22,4
56,0,23,3
56,0,24,2
56,0,25,2
56,0,26,5
56,0,27,7
56,0,28,7
56,0,29,3
56,0,30,9
56,0,31,10
56,0,32,13
56,0,33,7
56,0,34,12
56,0,35,11
56,0,36,16
56,0,37,16
56,0,38,12
56,0,39,11
56,0,40,14
56,0,41,14
56,0,42,10
56,0,43,10
56,0,44,9
56,0,45,13
56,0,46,15
56,0,47,8
56,0,48,12
56,0,49,9
56,0,50,10
56,0,51,11
56,0,52,6
56,0,53,7
56,0,54,6
56,0,55,3
56,0,56,5
56,0,57,4
56,0,58,3
56,0,59,2
56,0,60,1
56,0,61,0
56,0,62,1
56,0,63,2
56,0,64,4
56,0,65,3
56,0,66,1
56,0,67,1
56,0,68,1
56,0,69,1
56,0,70,1
56,0,71,4
56,0,72,6
56,0,73,3
56,0,74,0
56,0,75,1
56,0,76,2
56,0,77,2
56,0,78,1
56,0,79,1
57,0,0,2
57,0,1,1
57,0,2,3
57,0,3,4
57,0,4,3
57,0,5,0
57,0,6,1
57,0,7,1
57,0,8,1
57,0,9,2
57,0,10,2
57,0,11,3
57,0,12,4
57,0,13,4
57,0,14,2
57,0,15,2
57,0,16,2
57,0,17,2
57,0,18,2
57,0,19,3
57,0,20,5
57,0,21,6
57,0,22,4
57,0,23,2
57,0,24,5
57,0,25,5
57,0,26,5
57,0,27,6
57,0,28,7
57,0,29,6
57,0,30,9
57,0,31,12
57,0,32,7
57,0,33,6
57,0,34,12
57,0,35,11
57,0,36,10
57,0,37,11
57,0,38,12
57,0,39,14
57,0,40,13
57,0,41,9
57,0,42,14
57,0,43,11
57,0,44,11
57,0,45,13
57,0,46,17
57,0,47,9
57,0,48,5
57,0,49,7
57,0,50,6
57,0,51,9
57,0,52,9
57,0,53,4
57,0,54,4
57,0,55,4
57,0,56,4
57,0,57,3
57,0,58,2
57,0,59,3
57,0,60,1
57,0,61,1
57,0,62,1
57,0,63,4
57,0,64,5
57,0,65,2
57,0,66,2
57,0,67,1
57,0,68,1
57,0,69,3
57,0,70,2
57,0,71,2
57,0,72,1
57,0,73,5
57,0,74,4
57,0,75,4
57,0,76,3
57,0,77,2
57,0,78,1
57,0,79,1
58,0,0,2
58,0,1,1
58,0,2,3
58,0,3,1
58,0,4,0
58,0,5,1
58,0,6,1
58,0,7,1
58,0,8,2
58,0,9,3
58,0,10,1
58,0,11,2
58,0,12,2
58,0,13,1
58,0,14,0
58,0,15,0
58,0,16,2
58,0,17,2
58,0,18,3
58,0,19,5
58,0,20,4
58,0,21,3
58,0,22,3
58,0,23,3
58,0,24,6
58,0,25,7
58,0,26,4
58,0,27,2
58,0,28,8
58,0,29,4
58,0,30,8
58,0,31,7
58,0,32,4
58,0,33,5
58,0,34,4
58,0,35,12
58,0,36,11
58,0,37,9
58,0,38,9
58,0,39,8
58,0,40,10
58,0,41,7
58,0,42,8
58,0,43,10
58,0,44,10
58,0,45,9
58,0,46,8
58,0,47,10
58,0,48,4
58,0,49,11
58,0,50,5
58,0,51,3
58,0,52,8
58,0,53,5
58,0,54,6
58,0,55,4
58,0,56,4
58,0,57,5
58,0,58,3
58,0,59,3
58,0,60,3
58,0,61,2
58,0,62,1
58,0,63,4
58,0,64,3
58,0,65,1
58,0,66,2
58,0,67,2
58,0,68,1
58,0,69,2
58,0,70,4
58,0,71,3
58,0,72,3
58,0,73,4
58,0,74,0
58,0,75,0
58,0,76,1
58,0,77,2
58,0,78,1
58,0,79,1
59,0,0,1
59,0,1,3
59,0,2,4
59,0,3,2
59,0,4,3
59,0,5,3
59,0,6,1
59,0,7,3
59,0,8,2
59,0,9,2
59,0,10,0
59,0,11,0
59,0,12,1
59,0,13,0
59,0,14,0
59,0,15,0
59,0,16,3
59,0,17,3
59,0,18,4
59,0,19,4
59,0,20,3
59,0,21,5
59,0,22,4
59,0,23,5
59,0,24,7
59,0,25,8
59,0,26,5
59,0,27,4
59,0,28,5
59,0,29,9
59,0,30,10
59,0,31,4
59,0,32,12
59,0,33,11
59,0,34,9
59,0,35,7
59,0,36,8
59,0,37,8
59,0,38,14
59,0,39,9
59,0,40,8
59,0,41,5
59,0,42,6
59,0,43,7
59,0,44,9
59,0,45,5
59,0,46,8
59,0,47,5
59,0,48,6
59,0,49,9
59,0,50,4
59,0,51,1
59,0,52,6
59,0,53,5
59,0,54,7
59,0,55,4
59,0,56,5
59,0,57,3
59,0,58,4
59,0,59,3
59,0,60,4
59,0,61,2
59,0,62,2
59,0,63,1
59,0,64,2
59,0,65,2
59,0,66,1
59,0,67,3
59,0,68,4
59,0,69,2
59,0,70,4
59,0,71,3
59,0,72,1
59,0,73,2
59,0,74,2
59,0,75,0
59,0,76,0
59,0,77,0
59,0,78,0
59,0,79,0
60,0,0,3
60,0,1,2
60,0,2,1
60,0,3,1
60,0,4,2
60,0,5,1
60,0,6,1
60,0,7,1
60,0,8,0
60,0,9,2
60,0,10,1
60,0,11,2
60,0,12,2
60,0,13,1
60,0,14,1
60,0,15,3
60,0,16,3
60,0,17,4
60,0,18,3
60,0,19,1
60,0,20,4
60,0,21,4
60,0,22,2
60,0,23,3
60,0,24,4
60,0,25,5
60,0,26,3
60,0,27,0
60,0,28,3
60,0,29,6
60,0,30,7
60,0,31,6
60,0,32,9
60,0,33,3
60,0,34,6
60,0,35,9
60,0,36,8
60,0,37,6
60,0,38,9
60,0,39,9
60,0,40,7
60,0,41,7
60,0,42,3
60,0,43,8
60,0,44,8
60,0,45,11
60,0,46,10
60,0,47,6
60,0,48,6
60,0,49,8
60,0,50,9
60,0,51,6
60,0,52,7
60,0,53,8
60,0,54,7
60,0,55,4
60,0,56,5
60,0,57,7
60,0,58,7
60,0,59,4
60,0,60,6
60,0,61,4
60,0,62,1
60,0,63,1
60,0,64,1
60,0,65,4
60,0,66,3
60,0,67,1
60,0,68,2
60,0,69,2
60,0,70,0
60,0,71,2
60,0,72,1
60,0,73,0
60,0,74,2
60,0,75,0
60,0,76,0
60,0,77,0
60,0,78,0
60,0,79,0
61,0,0,3
61,0,1,3
61,0,2,3
61,0,3,3
61,0,4,2
61,0,5,1
61,0,6,1
61,0,7,1
61,0,8,1
61,0,9,2
61,0,10,1
61,0,11,1
61,0,12,0
61,0,13,1
61,0,14,1
61,0,15,1
61,0,16,2
61,0,17,4
61,0,18,3
61,0,19,4
61,0,20,7
61,0,21,4
61,0,22,2
61,0,23,2
61,0,24,3
61,0,25,2
61,0,26,2
61,0,27,4
61,0,28,10
61,0,29,9
61,0,30,6
61,0,31,2
61,0,32,4
61,0,33,0
61,0,34,3
61,0,35,10
61,0,36,7
61,0,37,6
61,0,38,8
61,0,39,11
61,0,40,5
61,0,41,8
61,0,42,2
61,0,43,6
61,0,44,5
61,0,45,7
61,0,46,8
61,0,47,4
61,0,48,6
61,0,49,5
61,0,50,3
61,0,51,5
61,0,52,6
61,0,53,6
61,0,54,10
61,0,55,9
61,0,56,4
61,0,57,6
61,0,58,6
61,0,59,5
61,0,60,3
61,0,61,5
61,0,62,6
61,0,63,3
61,0,64,2
61,0,65,2
61,0,66,2
61,0,67,0
61,0,68,1
61,0,69,2
61,0,70,2
61,0,71,3
61,0,72,2
61,0,73,0
61,0,74,2
61,0,75,1
61,0,76,0
61,0,77,0
61,0,78,1
61,0,79,1
62,0,0,2
62,0,1,2
62,0,2,0
62,0,3,0
62,0,4,0
62,0,5,0
62,0,6,0
62,0,7,0
62,0,8,2
62,0,9,4
62,0,10,4
62,0,11,3
62,0,12,1
62,0,13,3
62,0,14,3
62,0,15,3
62,0,16,3
62,0,17,3
62,0,18,4
62,0,19,4
62,0,20,4
62,0,21,3
62,0,22,2
62,0,23,2
62,0,24,1
62,0,25,2
62,0,26,2
62,0,27,4
62,0,28,6
62,0,29,2
62,0,30,4
62,0,31,3
62,0,32,2
62,0,33,5
62,0,34,3
62,0,35,7
62,0,36,8
62,0,37,4
62,0,38,9
62,0,39,9
62,0,40,6
62,0,41,5
62,0,42,6
62,0,43,4
62,0,44,2
62,0,45,6
62,0,46,8
62,0,47,3
62,0,48,3
62,0,49,6
62,0,50,1
62,0,51,4
62,0,52,3
62,0,53,5
62,0,54,7
62,0,55,8
62,0,56,7
62,0,57,5
62,0,58,5
62,0,59,4
62,0,60,2
62,0,61,3
62,0,62,5
62,0,63,7
62,0,64,3
62,0,65,2
62,0,66,2
62,0,67,1
62,0,68,0
62,0,69,0
62,0,70,0
62,0,71,2
62,0,72,4
62,0,73,1
62,0,74,1
62,0,75,3
62,0,76,0
62,0,77,1
62,0,78,1
62,0,79,0
63,0,0,2
63,0,1,0
63,0,2,0
63,0,3,0
63,0,4,0
63,0,5,1
63,0,6,1
63,0,7,2
63,0,8,3
63,0,9,1
63,0,10,1
63,0,11,0
63,0,12,1
63,0,13,2
63,0,14,2
63,0,15,4
63,0,16,3
63,0,17,1
63,0,18,3
63,0,19,2
63,0,20,1
63,0,21,3
63,0,22,4
63,0,23,3
63,0,24,1
63,0,25,2
63,0,26,2
63,0,27,5
63,0,28,4
63,0,29,4
63,0,30,4
63,0,31,4
63,0,32,0
63,0,33,5
63,0,34,3
63,0,35,6
63,0,36,9
63,0,37,6
63,0,38,10
63,0,39,6
63,0,40,5
63,0,41,4
63,0,42,7
63,0,43,6
63,0,44,6
63,0,45,3
63,0,46,4
63,0,47,6
63,0,48,5
63,0,49,3
63,0,50,6
63,0,51,1
63,0,52,1
63,0,53,6
63,0,54,4
63,0,55,3
63,0,56,7
63,0,57,7
63,0,58,2
63,0,59,3
63,0,60,2
63,0,61,3
63,0,62,4
63,0,63,7
63,0,64,4
63,0,65,3
63,0,66,1
63,0,67,1
63,0,68,1
63,0,69,0
63,0,70,0
63,0,71,1
63,0,72,3
63,0,73,3
63,0,74,2
63,0,75,4
63,0,76,2
63,0,77,2
63,0,78,1
63,0,79,1
64,0,0,1
64,0,1,0
64,0,2,0
64,0,3,1
64,0,4,1
64,0,5,1
64,0,6,0
64,0,7,0
64,0,8,0
64,0,9,1
64,0,10,1
64,0,11,0
64,0,12,2
64,0,13,3
64,0,14,3
64,0,15,2
64,0,16,1
64,0,17,3
64,0,18,3
64,0,19,1
64,0,20,1
64,0,21,2
64,0,22,3
64,0,23,1
64,0,24,3
64,0,25,2
64,0,26,4
64,0,27,3
64,0,28,2
64,0,29,0
64,0,30,1
64,0,31,3
64,0,32,4
64,0,33,4
64,0,34,4
64,0,35,7
64,0,36,5
64,0,37,13
64,0,38,10
64,0,39,4
64,0,40,5
64,0,41,8
64,0,42,6
64,0,43,5
64,0,44,6
64,0,45,4
64,0,46,2
64,0,47,6
64,0,48,6
64,0,49,2
64,0,50,2
64,0,51,2
64,0,52,3
64,0,53,5
64,0,54,3
64,0,55,3
64,0,56,3
64,0,57,6
64,0,58,5
64,0,59,2
64,0,60,2
64,0,61,2
64,0,62,4
64,0,63,6
64,0,64,6
64,0,65,6
64,0,66,3
64,0,67,2
64,0,68,2
64,0,69,0
64,0,70,0
64,0,71,0
64,0,72,1
64,0,73,3
64,0,74,5
64,0,75,4
64,0,76,3
64,0,77,3
64,0,78,2
64,0,79,1
65,0,0,2
65,0,1,2
65,0,2,1
65,0,3,2
65,0,4,1
65,0,5,0
65,0,6,0
65,0,7,0
65,0,8,0
65,0,9,2
65,0,10,1
65,0,11,2
65,0,12,2
65,0,13,0
65,0,14,3
65,0,15,3
65,0,16,2
65,0,17,4
65,0,18,3
65,0,19,1
65,0,20,2
65,0,21,2
65,0,22,1
65,0,23,2
65,0,24,3
65,0,25,3
65,0,26,4
65,0,27,2
65,0,28,2
65,0,29,2
65,0,30,2
65,0,31,2
65,0,32,4
65,0,33,2
65,0,34,1
65,0,35,4
65,0,36,3
65,0,37,12
65,0,38,3
65,0,39,3
65,0,40,5
65,0,41,5
65,0,42,4
65,0,43,3
65,0,44,9
65,0,45,2
65,0,46,2
65,0,47,4
65,0,48,5
65,0,49,3
65,0,50,2
65,0,51,5
65,0,52,5
65,0,53,2
65,0,54,3
65,0,55,3
65,0,56,2
65,0,57,3
65,0,58,6
65,0,59,3
65,0,60,3
65,0,61,2
65,0,62,6
65,0,63,5
65,0,64,4
65,0,65,4
65,0,66,4
65,0,67,2
65,0,68,3
65,0,69,3
65,0,70,3
65,0,71,3
65,0,72,3
65,0,73,3
65,0,74,3
65,0,75,3
65,0,76,2
65,0,77,1
65,0,78,1
65,0,79,4
66,0,0,1
66,0,1,1
66,0,2,1
66,0,3,0
66,0,4,0
66,0,5,0
66,0,6,0
66,0,7,1
66,0,8,2
66,0,9,2
66,0,10,1
66,0,11,1
66,0,12,0
66,0,13,1
66,0,14,1
66,0,15,4
66,0,16,2
66,0,17,2
66,0,18,3
66,0,19,2
66,0,20,2
66,0,21,1
66,0,22,2
66,0,23,4
66,0,24,3
66,0,25,2
66,0,26,3
66,0,27,3
66,0,28,1
66,0,29,2
66,0,30,0
66,0,31,1
66,0,32,5
66,0,33,2
66,0,34,2
66,0,35,5
66,0,36,6
66,0,37,9
66,0,38,2
66,0,39,3
66,0,40,5
66,0,41,3
66,0,42,3
66,0,43,5
66,0,44,6
66,0,45,3
66,0,46,5
66,0,47,3
66,0,48,6
66,0,49,6
66,0,50,4
66,0,51,3
66,0,52,1
66,0,53,1
66,0,54,2
66,0,55,1
66,0,56,2
66,0,57,2
66,0,58,8
66,0,59,7
66,0,60,3
66,0,61,2
66,0,62,2
66,0,63,2
66,0,64,6
66,0,65,5
66,0,66,2
66,0,67,3
66,0,68,1
66,0,69,3
66,0,70,2
66,0,71,2
66,0,72,3
66,0,73,4
66,0,74,3
66,0,75,2
66,0,76,3
66,0,77,2
66,0,78,2
66,0,79,3
67,0,0,0
67,0,1,0
67,0,2,1
67,0,3,1
67,0,4,1
67,0,5,1
67,0,6,1
67,0,7,2
67,0,8,1
67,0,9,1
67,0,10,2
67,0,11,1
67,0,12,0
67,0,13,1
67,0,14,2
67,0,15,4
67,0,16,3
67,0,17,3
67,0,18,2
67,0,19,3
67,0,20,3
67,0,21,4
67,0,22,2
67,0,23,3
67,0,24,3
67,0,25,1
67,0,26,3
67,0,27,3
67,0,28,3
67,0,29,2
67,0,30,1
67,0,31,2
67,0,32,5
67,0,33,1
67,0,34,2
67,0,35,5
67,0,36,5
67,0,37,4
67,0,38,2
67,0,39,4
67,0,40,7
67,0,41,1
67,0,42,1
67,0,43,3
67,0,44,2
67,0,45,4
67,0,46,4
67,0,47,3
67,0,48,3
67,0,49,7
67,0,50,4
67,0,51,1
67,0,52,1
67,0,53,3
67,0,54,5
67,0,55,4
67,0,56,4
67,0,57,2
67,0,58,1
67,0,59,4
67,0,60,2
67,0,61,3
67,0,62,2
67,0,63,2
67,0,64,3
67,0,65,5
67,0,66,4
67,0,67,7
67,0,68,3
67,0,69,1
67,0,70,3
67,0,71,2
67,0,72,0
67,0,73,1
67,0,74,1
67,0,75,1
67,0,76,2
67,0,77,3
67,0,78,5
67,0,79,2
68,0,0,0
68,0,1,0
68,0,2,1
68,0,3,2
68,0,4,1
68,0,5,1
68,0,6,1
68,0,7,2
68,0,8,1
68,0,9,1
68,0,10,1
68,0,11,0
68,0,12,1
68,0,13,3
68,0,14,3
68,0,15,3
68,0,16,4
68,0,17,2
68,0,18,2
68,0,19,3
68,0,20,2
68,0,21,3
68,0,22,2
68,0,23,1
68,0,24,3
68,0,25,1
68,0,26,2
68,0,27,1
68,0,28,2
68,0,29,1
68,0,30,1
68,0,31,3
68,0,32,4
68,0,33,2
68,0,34,5
68,0,35,5
68,0,36,3
68,0,37,4
68,0,38,2
68,0,39,3
68,0,40,4
68,0,41,2
68,0,42,0
68,0,43,1
68,0,44,0
68,0,45,3
68,0,46,2
68,0,47,5
68,0,48,4
68,0,49,7
68,0,50,6
68,0,51,4
68,0,52,3
68,0,53,4
68,0,54,2
68,0,55,1
68,0,56,1
68,0,57,1
68,0,58,2
68,0,59,4
68,0,60,3
68,0,61,1
68,0,62,2
68,0,63,3
68,0,64,3
68,0,65,1
68,0,66,3
68,0,67,2
68,0,68,5
68,0,69,6
68,0,70,5
68,0,71,2
68,0,72,1
68,0,73,2
68,0,74,2
68,0,75,2
68,0,76,3
68,0,77,3
68,0,78,4
68,0,79,5
69,0,0,1
69,0,1,1
69,0,2,1
69,0,3,2
69,0,4,2
69,0,5,2
69,0,6,1
69,0,7,1
69,0,8,1
69,0,9,1
69,0,10,0
69,0,11,0
69,0,12,2
69,0,13,3
69,0,14,2
69,0,15,1
69,0,16,1
69,0,17,4
69,0,18,5
69,0,19,2
69,0,20,0
69,0,21,1
69,0,22,2
69,0,23,2
69,0,24,3
69,0,25,2
69,0,26,3
69,0,27,2
69,0,28,1
69,0,29,1
69,0,30,1
69,0,31,2
69,0,32,2
69,0,33,2
69,0,34,4
69,0,35,4
69,0,36,2
69,0,37,2
69,0,38,2
69,0,39,4
69,0,40,3
69,0,41,2
69,0,42,1
69,0,43,1
69,0,44,1
69,0,45,3
69,0,46,2
69,0,47,6
69,0,48,7
69,0,49,7
69,0,50,6
69,0,51,3
69,0,52,1
69,0,53,0
69,0,54,1
69,0,55,1
69,0,56,1
69,0,57,1
69,0,58,1
69,0,59,1
69,0,60,3
69,0,61,2
69,0,62,1
69,0,63,3
69,0,64,5
69,0,65,1
69,0,66,5
69,0,67,4
69,0,68,1
69,0,69,2
69,0,70,4
69,0,71,3
69,0,72,2
69,0,73,0
69,0,74,3
69,0,75,4
69,0,76,2
69,0,77,1
69,0,78,1
69,0,79,1
70,0,0,0
70,0,1,1
70,0,2,1
70,0,3,1
70,0,4,2
70,0,5,2
70,0,6,1
70,0,7,2
70,0,8,1
70,0,9,0
70,0,10,0
70,0,11,2
70,0,12,4
70,0,13,3
70,0,14,1
70,0,15,0
70,0,16,4
70,0,17,4
70,0,18,1
70,0,19,0
70,0,20,1
70,0,21,2
70,0,22,1
70,0,23,4
70,0,24,3
70,0,25,4
70,0,26,4
70,0,27,4
70,0,28,2
70,0,29,1
70,0,30,1
70,0,31,2
70,0,32,2
70,0,33,5
70,0,34,4
70,0,35,2
70,0,36,3
70,0,37,4
70,0,38,4
70,0,39,6
70,0,40,8
70,0,41,3
70,0,42,5
70,0,43,3
70,0,44,2
70,0,45,2
70,0,46,2
70,0,47,4
70,0,48,1
70,0,49,4
70,0,50,4
70,0,51,3
70,0,52,1
70,0,53,0
70,0,54,1
70,0,55,2
70,0,56,0
70,0,57,2
70,0,58,3
70,0,59,1
70,0,60,1
70,0,61,3
70,0,62,1
70,0,63,1
70,0,64,4
70,0,65,3
70,0,66,2
70,0,67,4
70,0,68,1
70,0,69,0
70,0,70,0
70,0,71,1
70,0,72,3
70,0,73,2
70,0,74,2
70,0,75,2
70,0,76,3
70,0,77,3
70,0,78,2
70,0,79,1
71,0,0,1
71,0,1,1
71,0,2,0
71,0,3,1
71,0,4,1
71,0,5,1
71,0,6,3
71,0,7,1
71,0,8,0
71,0,9,0
71,0,10,1
71,0,11,2
71,0,12,3
71,0,13,2
71,0,14,1
71,0,15,4
71,0,16,6
71,0,17,1
71,0,18,0
71,0,19,0
71,0,20,3
71,0,21,2
71,0,22,2
71,0,23,4
71,0,24,3
71,0,25,6
71,0,26,4
71,0,27,2
71,0,28,1
71,0,29,1
71,0,30,1
71,0,31,2
71,0,32,3
71,0,33,4
71,0,34,2
71,0,35,2
71,0,36,3
71,0,37,3
71,0,38,3
71,0,39,5
71,0,40,6
71,0,41,0
71,0,42,2
71,0,43,4
71,0,44,4
71,0,45,3
71,0,46,2
71,0,47,3
71,0,48,1
71,0,49,1
71,0,50,3
71,0,51,4
71,0,52,3
71,0,53,2
71,0,54,2
71,0,55,2
71,0,56,0
71,0,57,1
71,0,58,2
71,0,59,4
71,0,60,1
71,0,61,2
71,0,62,2
71,0,63,1
71,0,64,2
71,0,65,3
71,0,66,2
71,0,67,3
71,0,68,3
71,0,69,1
71,0,70,0
71,0,71,0
71,0,72,3
71,0,73,3
71,0,74,1
71,0,75,1
71,0,76,1
71,0,77,3
71,0,78,4
71,0,79,2
72,0,0,0
72,0,1,0
72,0,2,1
72,0,3,1
72,0,4,0
72,0,5,2
72,0,6,3
72,0,7,0
72,0,8,0
72,0,9,1
72,0,10,2
72,0,11,2
72,0,12,2
72,0,13,2
72,0,14,2
72,0,15,3
72,0,16,1
72,0,17,2
72,0,18,2
72,0,19,1
72,0,20,2
72,0,21,0
72,0,22,1
72,0,23,1
72,0,24,3
72,0,25,5
72,0,26,3
72,0,27,1
72,0,28,1
72,0,29,2
72,0,30,2
72,0,31,5
72,0,32,8
72,0,33,6
72,0,34,3
72,0,35,1
72,0,36,1
72,0,37,2
72,0,38,2
72,0,39,2
72,0,40,6
72,0,41,2
72,0,42,2
72,0,43,3
72,0,44,2
72,0,45,3
72,0,46,3
72,0,47,4
72,0,48,3
72,0,49,2
72,0,50,2
72,0,51,4
72,0,52,2
72,0,53,2
72,0,54,2
72,0,55,3
72,0,56,3
72,0,57,2
72,0,58,2
72,0,59,4
72,0,60,2
72,0,61,1
72,0,62,3
72,0,63,1
72,0,64,1
72,0,65,0
72,0,66,1
72,0,67,2
72,0,68,3
72,0,69,2
72,0,70,2
72,0,71,1
72,0,72,1
72,0,73,1
72,0,74,2
72,0,75,1
72,0,76,1
72,0,77,1
72,0,78,3
72,0,79,4
73,0,0,0
73,0,1,1
73,0,2,2
73,0,3,1
73,0,4,1
73,0,5,2
73,0,6,1
73,0,7,0
73,0,8,1
73,0,9,3
73,0,10,2
73,0,11,3
73,0,12,2
73,0,13,3
73,0,14,2
73,0,15,4
73,0,16,2
73,0,17,2
73,0,18,0
73,0,19,0
73,0,20,0
73,0,21,1
73,0,22,1
73,0,23,2
73,0,24,4
73,0,25,2
73,0,26,1
73,0,27,3
73,0,28,4
73,0,29,3
73,0,30,4
73,0,31,6
73,0,32,4
73,0,33,2
73,0,34,1
73,0,35,0
73,0,36,0
73,0,37,1
73,0,38,2
73,0,39,3
73,0,40,6
73,0,41,4
73,0,42,1
73,0,43,1
73,0,44,2
73,0,45,2
73,0,46,1
73,0,47,2
73,0,48,3
73,0,49,2
73,0,50,0
73,0,51,4
73,0,52,4
73,0,53,3
73,0,54,3
73,0,55,4
73,0,56,4
73,0,57,1
73,0,58,1
73,0,59,2
73,0,60,2
73,0,61,0
73,0,62,2
73,0,63,1
73,0,64,1
73,0,65,0
73,0,66,0
73,0,67,1
73,0,68,3
73,0,69,2
73,0,70,4
73,0,71,3
73,0,72,0
73,0,73,0
73,0,74,1
73,0,75,0
73,0,76,1
73,0,77,1
73,0,78,0
73,0,79,2
74,0,0,3
74,0,1,4
74,0,2,3
74,0,3,2
74,0,4,3
74,0,5,3
74,0,6,2
74,0,7,3
74,0,8,3
74,0,9,3
74,0,10,1
74,0,11,2
74,0,12,2
74,0,13,4
74,0,14,4
74,0,15,3
74,0,16,0
74,0,17,0
74,0,18,0
74,0,19,0
74,0,20,1
74,0,21,1
74,0,22,1
74,0,23,5
74,0,24,4
74,0,25,2
74,0,26,1
74,0,27,2
74,0,28,3
74,0,29,2
74,0,30,7
74,0,31,7
74,0,32,3
74,0,33,4
74,0,34,2
74,0,35,0
74,0,36,0
74,0,37,0
74,0,38,1
74,0,39,4
74,0,40,2
74,0,41,2
74,0,42,1
74,0,43,2
74,0,44,1
74,0,45,2
74,0,46,2
74,0,47,1
74,0,48,3
74,0,49,5
74,0,50,1
74,0,51,1
74,0,52,2
74,0,53,2
74,0,54,3
74,0,55,3
74,0,56,3
74,0,57,2
74,0,58,2
74,0,59,2
74,0,60,2
74,0,61,0
74,0,62,2
74,0,63,2
74,0,64,1
74,0,65,0
74,0,66,0
74,0,67,0
74,0,68,1
74,0,69,3
74,0,70,2
74,0,71,3
74,0,72,2
74,0,73,0
74,0,74,1
74,0,75,1
74,0,76,0
74,0,77,1
74,0,78,1
74,0,79,2
75,0,0,2
75,0,1,1
75,0,2,0
75,0,3,1
75,0,4,2
75,0,5,0
75,0,6,1
75,0,7,1
75,0,8,2
75,0,9,2
75,0,10,0
75,0,11,1
75,0,12,2
75,0,13,3
75,0,14,2
75,0,15,0
75,0,16,0
75,0,17,0
75,0,18,1
75,0,19,2
75,0,20,4
75,0,21,2
75,0,22,4
75,0,23,5
75,0,24,1
75,0,25,0
75,0,26,0
75,0,27,1
75,0,28,2
75,0,29,3
75,0,30,7
75,0,31,3
75,0,32,2
75,0,33,2
75,0,34,2
75,0,35,0
75,0,36,0
75,0,37,0
75,0,38,1
75,0,39,4
75,0,40,2
75,0,41,1
75,0,42,1
75,0,43,3
75,0,44,1
75,0,45,2
75,0,46,2
75,0,47,0
75,0,48,1
75,0,49,3
75,0,50,2
75,0,51,2
75,0,52,3
75,0,53,3
75,0,54,4
75,0,55,2
75,0,56,2
75,0,57,2
75,0,58,3
75,0,59,1
75,0,60,4
75,0,61,1
75,0,62,1
75,0,63,1
75,0,64,1
75,0,65,0
75,0,66,0
75,0,67,0
75,0,68,1
75,0,69,3
75,0,70,2
75,0,71,1
75,0,72,4
75,0,73,4
75,0,74,2
75,0,75,2
75,0,76,2
75,0,77,1
75,0,78,1
75,0,79,1
76,0,0,0
76,0,1,0
76,0,2,0
76,0,3,2
76,0,4,1
76,0,5,1
76,0,6,1
76,0,7,1
76,0,8,2
76,0,9,0
76,0,10,1
76,0,11,1
76,0,12,2
76,0,13,3
76,0,14,2
76,0,15,1
76,0,16,1
76,0,17,1
76,0,18,1
76,0,19,2
76,0,20,1
76,0,21,3
76,0,22,3
76,0,23,2
76,0,24,0
76,0,25,0
76,0,26,1
76,0,27,1
76,0,28,1
76,0,29,3
76,0,30,2
76,0,31,3
76,0,32,3
76,0,33,2
76,0,34,0
76,0,35,0
76,0,36,0
76,0,37,0
76,0,38,1
76,0,39,6
76,0,40,3
76,0,41,2
76,0,42,2
76,0,43,3
76,0,44,2
76,0,45,0
76,0,46,2
76,0,47,1
76,0,48,1
76,0,49,2
76,0,50,1
76,0,51,1
76,0,52,1
76,0,53,2
76,0,54,4
76,0,55,4
76,0,56,2
76,0,57,2
76,0,58,3
76,0,59,2
76,0,60,4
76,0,61,3
76,0,62,1
76,0,63,1
76,0,64,1
76,0,65,1
76,0,66,2
76,0,67,2
76,0,68,2
76,0,69,1
76,0,70,2
76,0,71,2
76,0,72,1
76,0,73,2
76,0,74,2
76,0,75,1
76,0,76,1
76,0,77,0
76,0,78,0
76,0,79,1
77,0,0,0
77,0,1,1
77,0,2,2
77,0,3,2
77,0,4,1
77,0,5,1
77,0,6,0
77,0,7,1
77,0,8,1
77,0,9,2
77,0,10,2
77,0,11,1
77,0,12,3
77,0,13,2
77,0,14,1
77,0,15,0
77,0,16,0
77,0,17,0
77,0,18,1
77,0,19,2
77,0,20,2
77,0,21,3
77,0,22,2
77,0,23,2
77,0,24,0
77,0,25,0
77,0,26,1
77,0,27,0
77,0,28,2
77,0,29,3
77,0,30,2
77,0,31,4
77,0,32,1
77,0,33,3
77,0,34,3
77,0,35,1
77,0,36,1
77,0,37,1
77,0,38,3
77,0,39,4
77,0,40,2
77,0,41,1
77,0,42,1
77,0,43,2
77,0,44,1
77,0,45,0
77,0,46,3
77,0,47,2
77,0,48,1
77,0,49,2
77,0,50,1
77,0,51,1
77,0,52,2
77,0,53,0
77,0,54,2
77,0,55,3
77,0,56,2
77,0,57,1
77,0,58,3
77,0,59,1
77,0,60,1
77,0,61,3
77,0,62,3
77,0,63,2
77,0,64,3
77,0,65,2
77,0,66,1
77,0,67,0
77,0,68,0
77,0,69,0
77,0,70,0
77,0,71,1
77,0,72,1
77,0,73,1
77,0,74,2
77,0,75,2
77,0,76,3
77,0,77,2
77,0,78,0
77,0,79,1
78,0,0,0
78,0,1,0
78,0,2,1
78,0,3,3
78,0,4,1
78,0,5,1
78,0,6,1
78,0,7,3
78,0,8,2
78,0,9,2
78,0,10,0
78,0,11,1
78,0,12,2
78,0,13,1
78,0,14,1
78,0,15,1
78,0,16,0
78,0,17,1
78,0,18,2
78,0,19,1
78,0,20,2
78,0,21,1
78,0,22,2
78,0,23,1
78,0,24,0
78,0,25,1
78,0,26,1
78,0,27,0
78,0,28,3
78,0,29,3
78,0,30,3
78,0,31,4
78,0,32,0
78,0,33,1
78,0,34,2
78,0,35,1
78,0,36,0
78,0,37,0
78,0,38,2
78,0,39,2
78,0,40,2
78,0,41,1
78,0,42,0
78,0,43,1
78,0,44,3
78,0,45,4
78,0,46,4
78,0,47,3
78,0,48,1
78,0,49,2
78,0,50,2
78,0,51,1
78,0,52,2
78,0,53,1
78,0,54,2
78,0,55,3
78,0,56,3
78,0,57,1
78,0,58,3
78,0,59,0
78,0,60,1
78,0,61,2
78,0,62,2
78,0,63,0
78,0,64,2
78,0,65,1
78,0,66,0
78,0,67,1
78,0,68,1
78,0,69,0
78,0,70,0
78,0,71,0
78,0,72,1
78,0,73,1
78,0,74,2
78,0,75,1
78,0,76,1
78,0,77,2
78,0,78,4
78,0,79,2
79,0,0,2
79,0,1,3
79,0,2,5
79,0,3,4
79,0,4,1
79,0,5,1
79,0,6,2
79,0,7,2
79,0,8,0
79,0,9,0
79,0,10,1
79,0,11,2
79,0,12,1
79,0,13,2
79,0,14,0
79,0,15,1
79,0,16,1
79,0,17,2
79,0,18,1
79,0,19,1
79,0,20,1
79,0,21,1
79,0,22,2
79,0,23,1
79,0,24,1
79,0,25,1
79,0,26,0
79,0,27,1
79,0,28,4
79,0,29,2
79,0,30,4
79,0,31,1
79,0,32,0
79,0,33,1
79,0,34,1
79,0,35,2
79,0,36,1
79,0,37,0
79,0,38,2
79,0,39,2
79,0,40,1
79,0,41,2
79,0,42,0
79,0,43,0
79,0,44,0
79,0,45,1
79,0,46,1
79,0,47,0
79,0,48,1
79,0,49,1
79,0,50,2
79,0,51,1
79,0,52,2
79,0,53,1
79,0,54,2
79,0,55,1
79,0,56,2
79,0,57,2
79,0,58,2
79,0,59,1
79,0,60,1
79,0,61,3
79,0,62,1
79,0,63,1
79,0,64,1
79,0,65,1
79,0,66,1
79,0,67,1
79,0,68,0
79,0,69,0
79,0,70,0
79,0,71,0
79,0,72,0
79,0,73,0
79,0,74,1
79,0,75,2
79,0,76,1
79,0,77,1
79,0,78,3
79,0,79,1
