# mesh name: boxMesh_1
# primitive scorer name: eD
# iX, iY, iZ, value [Gy]
0,0,0,1.315534162942299e-08
0,1,0,1.272592818804761e-08
0,2,0,1.30592621901911e-08
0,3,0,1.363520953464985e-08
0,4,0,1.410267058279208e-08
0,5,0,1.416554395618934e-08
0,6,0,1.395526595898074e-08
0,7,0,1.530577990439016e-08
0,8,0,1.446093089567166e-08
0,9,0,1.419756733511195e-08
0,10,0,1.437928330546282e-08
0,11,0,1.328692935382902e-08
0,12,0,1.311384610681832e-08
0,13,0,1.402184196455681e-08
0,14,0,1.569936098717433e-08
0,15,0,1.514323917286505e-08
0,16,0,1.466444975448066e-08
0,17,0,1.463754969601527e-08
0,18,0,1.36943486431177e-08
0,19,0,1.674318317333937e-08
0,20,0,1.47995680023499e-08
0,21,0,1.544724670061915e-08
0,22,0,1.490953812599495e-08
0,23,0,1.294133777483922e-08
0,24,0,1.402359126151833e-08
0,25,0,1.339812201580873e-08
0,26,0,1.505214280910224e-08
0,27,0,1.347236736496671e-08
0,28,0,1.594323604667111e-08
0,29,0,1.479064960664812e-08
0,30,0,1.535441727863283e-08
0,31,0,1.459735592191958e-08
0,32,0,1.255949869753451e-08
0,33,0,1.232180465388274e-08
0,34,0,1.181506619067408e-08
0,35,0,1.552138113960702e-08
0,36,0,1.500145824748674e-08
0,37,0,1.632373474759854e-08
0,38,0,2.044427271965166e-08
0,39,0,1.695007680598044e-08
0,40,0,1.661796131799234e-08
0,41,0,1.571900380905756e-08
0,42,0,1.83250278629124e-08
0,43,0,1.528224467316252e-08
0,44,0,1.559006991083794e-08
0,45,0,1.521691407565794e-08
0,46,0,1.542183072672209e-08
0,47,0,1.636564806764319e-08
0,48,0,1.73864866319847e-08
0,49,0,1.640858878070473e-08
0,50,0,1.527466128713196e-08
0,51,0,1.694950756361317e-08
0,52,0,1.788131441737701e-08
0,53,0,1.773636343867433e-08
0,54,0,1.783208964413885e-08
0,55,0,1.807584927967338e-08
0,56,0,2.088175760203437e-08
0,57,0,2.019565422594173e-08
0,58,0,2.146525948061846e-08
0,59,0,1.930624121750809e-08
0,60,0,1.825259628684815e-08
0,61,0,1.871882897411565e-08
0,62,0,1.551489296650051e-08
0,63,0,1.869891105223687e-08
0,64,0,1.763807693991355e-08
0,65,0,1.694131793960363e-08
0,66,0,1.67798672325914e-08
0,67,0,1.760626827582899e-08
0,68,0,1.869851037366954e-08
0,69,0,1.846196351037729e-08
0,70,0,1.740698076048081e-08
0,71,0,1.62750833740816e-08
0,72,0,1.823434333980302e-08
0,73,0,1.97307032831555e-08
0,74,0,2.03920252066596e-08
0,75,0,1.909010589834834e-08
0,76,0,1.922550960446643e-08
0,77,0,1.78489346316544e-08
0,78,0,1.951275759467752e-08
0,79,0,2.132931824123188e-08
0,80,0,2.020056467801455e-08
0,81,0,1.967826091720364e-08
0,82,0,2.027917663000607e-08
0,83,0,2.200066946537518e-08
0,84,0,2.10786191019774e-08
0,85,0,1.949627238120039e-08
0,86,0,2.064788241287318e-08
0,87,0,1.997143074341246e-08
0,88,0,2.030027465453877e-08
0,89,0,2.295978876962639e-08
0,90,0,2.199619587673901e-08
0,91,0,2.127041906697672e-08
0,92,0,2.401374199380729e-08
0,93,0,1.910425766239249e-08
0,94,0,2.074776379589502e-08
0,95,0,2.048881866604305e-08
0,96,0,2.157825003067126e-08
0,97,0,2.126847161585072e-08
0,98,0,2.453391027807904e-08
0,99,0,2.374539612600757e-08
0,100,0,2.254049735487036e-08
0,101,0,2.334781849228911e-08
0,102,0,2.224969995430757e-08
0,103,0,2.27496048039194e-08
0,104,0,2.447380807103749e-08
0,105,0,2.343989743942293e-08
0,106,0,2.195197145043025e-08
0,107,0,2.235406498207994e-08
0,108,0,2.158108153805818e-08
0,109,0,2.23826684880543e-08
0,110,0,2.237484518075555e-08
0,111,0,2.376390286942924e-08
0,112,0,2.473254019114929e-08
0,113,0,2.178639274537726e-08
0,114,0,2.291678693532548e-08
0,115,0,2.479120692326998e-08
0,116,0,2.205018571632645e-08
0,117,0,2.213336772776209e-08
0,118,0,2.204297392359308e-08
0,119,0,1.933489516059539e-08
0,120,0,2.433221105737269e-08
0,121,0,2.558910878423336e-08
0,122,0,2.414240365642365e-08
0,123,0,2.154857820025111e-08
0,124,0,2.424409856973942e-08
0,125,0,2.53785751571453e-08
0,126,0,2.435454652550737e-08
0,127,0,2.293154414508296e-08
0,128,0,2.570754894673673e-08
0,129,0,2.751741023690313e-08
0,130,0,2.621874543973312e-08
0,131,0,2.758239793923795e-08
0,132,0,2.595831146395794e-08
0,133,0,2.779649910848453e-08
0,134,0,2.75808930148473e-08
0,135,0,2.783968779363129e-08
0,136,0,2.801853370835952e-08
0,137,0,2.969820315009056e-08
0,138,0,2.469606836481622e-08
0,139,0,2.593387560117121e-08
0,140,0,2.886729664726424e-08
0,141,0,2.77517673728085e-08
0,142,0,2.756315164697767e-08
0,143,0,2.700155974847298e-08
0,144,0,2.808072579223469e-08
0,145,0,2.989262155194412e-08
0,146,0,2.820693014940729e-08
0,147,0,2.836183500926712e-08
0,148,0,2.464787327534504e-08
0,149,0,2.534294939580621e-08
0,150,0,2.739329959016339e-08
0,151,0,2.961661879757737e-08
0,152,0,2.993552669653602e-08
0,153,0,2.680008312971973e-08
0,154,0,2.840376005208392e-08
0,155,0,2.824764132137804e-08
0,156,0,2.834726503508566e-08
0,157,0,2.9918827875311e-08
0,158,0,3.006154840162728e-08
0,159,0,3.101319238538115e-08
0,160,0,2.940034142567725e-08
0,161,0,2.97585402610827e-08
0,162,0,2.978756468618665e-08
0,163,0,2.915980733377049e-08
0,164,0,2.827943305571947e-08
0,165,0,3.057185621357333e-08
0,166,0,3.263158886067737e-08
0,167,0,2.724980592476325e-08
0,168,0,3.25481309217163e-08
0,169,0,3.249026395438344e-08
0,170,0,3.290404483875498e-08
0,171,0,3.002488783474186e-08
0,172,0,2.868256494927814e-08
0,173,0,2.921782421081379e-08
0,174,0,3.190890430840791e-08
0,175,0,3.10466432415373e-08
0,176,0,3.032329620438364e-08
0,177,0,3.025030055640741e-08
0,178,0,3.269293196248267e-08
0,179,0,3.339629926776096e-08
0,180,0,3.073563090957969e-08
0,181,0,3.21402611360592e-08
0,182,0,3.012443403126417e-08
0,183,0,2.992450532027667e-08
0,184,0,3.730181844893719e-08
0,185,0,3.464503899214496e-08
0,186,0,3.411692550994738e-08
0,187,0,3.503237734359346e-08
0,188,0,3.346620653261232e-08
0,189,0,3.448336881091754e-08
0,190,0,3.563772770231104e-08
0,191,0,3.515919115170092e-08
0,192,0,3.668733440015653e-08
0,193,0,3.300172137937458e-08
0,194,0,3.342006714225631e-08
0,195,0,3.605018940103028e-08
0,196,0,3.939923882476356e-08
0,197,0,3.906462593503251e-08
0,198,0,3.896946315494038e-08
0,199,0,4.009492306513834e-08
0,200,0,3.940797099034918e-08
0,201,0,3.749069782395514e-08
0,202,0,3.865649867555296e-08
0,203,0,3.464851998381922e-08
0,204,0,3.671988537424414e-08
0,205,0,4.09558900143902e-08
0,206,0,4.162746159954329e-08
0,207,0,3.948936976100471e-08
0,208,0,4.303050066179922e-08
0,209,0,3.957484806885057e-08
0,210,0,3.825478350173072e-08
0,211,0,4.163243990378915e-08
0,212,0,4.456555642510202e-08
0,213,0,4.194861903570314e-08
0,214,0,4.251845462118414e-08
0,215,0,4.103932452052405e-08
0,216,0,4.132130095909537e-08
0,217,0,4.288567829751996e-08
0,218,0,4.196608520918313e-08
0,219,0,4.248012016284468e-08
0,220,0,4.43555834355038e-08
0,221,0,3.905518296700096e-08
0,222,0,4.183004063244257e-08
0,223,0,4.028779460571831e-08
0,224,0,4.272793950051069e-08
0,225,0,4.25417782558289e-08
0,226,0,4.017531558221568e-08
0,227,0,4.109875209146432e-08
0,228,0,4.359271648539395e-08
0,229,0,4.772293316049017e-08
0,230,0,4.864903232115664e-08
0,231,0,4.580785761488779e-08
0,232,0,4.469766996167306e-08
0,233,0,4.312045260952092e-08
0,234,0,4.521797366401101e-08
0,235,0,4.130435576545662e-08
0,236,0,4.436799704886798e-08
0,237,0,4.316644832006781e-08
0,238,0,4.709038277781612e-08
0,239,0,4.714111059624401e-08
0,240,0,4.776027892997057e-08
0,241,0,4.73430035688974e-08
0,242,0,5.072016825590154e-08
0,243,0,4.835199974556828e-08
0,244,0,4.779690480169809e-08
0,245,0,4.628803034339069e-08
0,246,0,4.480221040644102e-08
0,247,0,4.822688584875735e-08
0,248,0,4.814841887894758e-08
0,249,0,4.582117708149355e-08
0,250,0,4.937605366000602e-08
0,251,0,4.999435086862449e-08
0,252,0,4.432716294056519e-08
0,253,0,4.694798263813951e-08
0,254,0,5.084580076421204e-08
0,255,0,5.368556645302147e-08
0,256,0,5.548649208074892e-08
0,257,0,5.18736401309236e-08
0,258,0,5.305270897199522e-08
0,259,0,5.385157202355534e-08
0,260,0,5.557215055023262e-08
0,261,0,5.391643989345988e-08
0,262,0,5.291691183435622e-08
0,263,0,5.575924568826677e-08
0,264,0,5.04613656839881e-08
0,265,0,4.710281753195782e-08
0,266,0,5.187894302011925e-08
0,267,0,5.507554334599802e-08
0,268,0,5.553478167786262e-08
0,269,0,5.461178523334464e-08
0,270,0,5.821749459184632e-08
0,271,0,5.746749548554912e-08
0,272,0,5.544094543495572e-08
0,273,0,5.114946276182133e-08
0,274,0,5.462512512246644e-08
0,275,0,5.638837865671111e-08
0,276,0,5.717536706875053e-08
0,277,0,5.723909418210204e-08
0,278,0,5.933566012726965e-08
0,279,0,6.084449900364606e-08
0,280,0,5.948087862465578e-08
0,281,0,6.164653874029516e-08
0,282,0,6.386760838967871e-08
0,283,0,6.261038484623482e-08
0,284,0,6.321284026034451e-08
0,285,0,6.452294333383368e-08
0,286,0,6.271766140817821e-08
0,287,0,5.822946981494753e-08
0,288,0,5.99317564605521e-08
0,289,0,6.216572987490498e-08
0,290,0,5.959811593002615e-08
0,291,0,6.518158727893906e-08
0,292,0,6.390016304576856e-08
0,293,0,6.61807024078307e-08
0,294,0,6.398014961246428e-08
0,295,0,5.994399825384365e-08
0,296,0,6.521817727994243e-08
0,297,0,7.272788762326168e-08
0,298,0,7.004745563897999e-08
0,299,0,6.814854765570969e-08
0,300,0,6.913504720253528e-08
0,301,0,6.543983370973059e-08
0,302,0,6.468222463470347e-08
0,303,0,6.988902804762739e-08
0,304,0,7.104161898151549e-08
0,305,0,6.969910806617532e-08
0,306,0,7.353931554226692e-08
0,307,0,7.25745377376378e-08
0,308,0,6.834853380659144e-08
0,309,0,7.279152646895106e-08
0,310,0,6.860201195068483e-08
0,311,0,6.793117676943802e-08
0,312,0,6.76087290358374e-08
0,313,0,6.987830423530671e-08
0,314,0,7.144599082851182e-08
0,315,0,7.217218632430997e-08
0,316,0,7.477450775047207e-08
0,317,0,7.624689408631383e-08
0,318,0,7.869190907608147e-08
0,319,0,7.51511418839676e-08
0,320,0,7.037495284251641e-08
0,321,0,7.525106938991426e-08
0,322,0,7.655205632387871e-08
0,323,0,7.938360551916267e-08
0,324,0,7.72780868207636e-08
0,325,0,7.307958381246335e-08
0,326,0,7.692554658005277e-08
0,327,0,7.340700562743792e-08
0,328,0,7.50633083473782e-08
0,329,0,7.688180960808484e-08
0,330,0,8.19530459234029e-08
0,331,0,7.908805032058169e-08
0,332,0,7.826097033587806e-08
0,333,0,7.555045110788788e-08
0,334,0,7.881551705524348e-08
0,335,0,7.479409528742957e-08
0,336,0,8.275918215210982e-08
0,337,0,8.021198690130992e-08
0,338,0,7.926693882089786e-08
0,339,0,8.042398098159874e-08
0,340,0,8.046735979458928e-08
0,341,0,8.293111903630979e-08
0,342,0,7.988086164825366e-08
0,343,0,8.800411902263371e-08
0,344,0,8.584606216834215e-08
0,345,0,8.09364700504134e-08
0,346,0,8.63364296735782e-08
0,347,0,8.797233834701882e-08
0,348,0,8.070041067873813e-08
0,349,0,8.372310023578907e-08
0,350,0,8.846627188590875e-08
0,351,0,8.149158598513066e-08
0,352,0,8.511115927447435e-08
0,353,0,8.92399208138164e-08
0,354,0,8.789422033869752e-08
0,355,0,8.859130008812967e-08
0,356,0,9.402972795384645e-08
0,357,0,9.163801816579554e-08
0,358,0,8.672336509103527e-08
0,359,0,8.826313885519808e-08
0,360,0,9.741472613037167e-08
0,361,0,9.306839688669196e-08
0,362,0,9.980378672238023e-08
0,363,0,9.528313155840409e-08
0,364,0,8.964374479504928e-08
0,365,0,9.349196460358643e-08
0,366,0,9.429783966055199e-08
0,367,0,1.003202749507128e-07
0,368,0,9.305799186241808e-08
0,369,0,9.437586538331425e-08
0,370,0,9.391739657508496e-08
0,371,0,9.041164956398813e-08
0,372,0,9.745816902892055e-08
0,373,0,9.848445518763519e-08
0,374,0,1.025681130107391e-07
0,375,0,1.054804676566075e-07
0,376,0,1.023027439659715e-07
0,377,0,1.060947880539039e-07
0,378,0,1.05677542973639e-07
0,379,0,1.072493972034994e-07
0,380,0,1.125255114157205e-07
0,381,0,1.086607685235819e-07
0,382,0,1.028589259200222e-07
0,383,0,1.025832329243765e-07
0,384,0,1.121973598573775e-07
0,385,0,1.091040201236205e-07
0,386,0,1.064817179448532e-07
0,387,0,1.060929757680899e-07
0,388,0,1.050689684304317e-07
0,389,0,1.037188375464353e-07
0,390,0,1.022059853209698e-07
0,391,0,1.056256933313192e-07
0,392,0,1.071711334684168e-07
0,393,0,1.133311740583836e-07
0,394,0,1.126854741030859e-07
0,395,0,1.183605664942328e-07
0,396,0,1.091197018805169e-07
0,397,0,1.155547667847174e-07
0,398,0,1.13974204537701e-07
0,399,0,1.10891214891864e-07
0,400,0,1.189291840431835e-07
0,401,0,1.134649055809888e-07
0,402,0,1.154185940231402e-07
0,403,0,1.168346354683384e-07
0,404,0,1.238003321877596e-07
0,405,0,1.174566999063023e-07
0,406,0,1.213027677226267e-07
0,407,0,1.159878640420646e-07
0,408,0,1.204127965585291e-07
0,409,0,1.224503225224386e-07
0,410,0,1.256276796465163e-07
0,411,0,1.248725992142408e-07
0,412,0,1.290661905212161e-07
0,413,0,1.25515857574107e-07
0,414,0,1.235595741326661e-07
0,415,0,1.284782816512041e-07
0,416,0,1.247135314148079e-07
0,417,0,1.27563985324114e-07
0,418,0,1.294361628483168e-07
0,419,0,1.302997038260113e-07
0,420,0,1.324184434250573e-07
0,421,0,1.287823559638829e-07
0,422,0,1.308191152920682e-07
0,423,0,1.316667073388321e-07
0,424,0,1.359824195686688e-07
0,425,0,1.306466862659114e-07
0,426,0,1.353945490027586e-07
0,427,0,1.360753963802978e-07
0,428,0,1.304563634726198e-07
0,429,0,1.353358866174283e-07
0,430,0,1.380660030031744e-07
0,431,0,1.359435823679089e-07
0,432,0,1.366125729311555e-07
0,433,0,1.452847827925789e-07
0,434,0,1.399943755336614e-07
0,435,0,1.442828791592107e-07
0,436,0,1.456105891145059e-07
0,437,0,1.411403552740953e-07
0,438,0,1.482143604549328e-07
0,439,0,1.453971209344067e-07
0,440,0,1.443458671218277e-07
0,441,0,1.422013109513614e-07
0,442,0,1.483287040337835e-07
0,443,0,1.416188302582843e-07
0,444,0,1.490494534849255e-07
0,445,0,1.482420396713755e-07
0,446,0,1.493038899408466e-07
0,447,0,1.511610275513767e-07
0,448,0,1.479871195625565e-07
0,449,0,1.525320682767651e-07
0,450,0,1.524707375960845e-07
0,451,0,1.608021687555423e-07
0,452,0,1.533458549428962e-07
0,453,0,1.587435051690548e-07
0,454,0,1.640390877773252e-07
0,455,0,1.648320627002433e-07
0,456,0,1.608587654575048e-07
0,457,0,1.647322379825314e-07
0,458,0,1.631092610693222e-07
0,459,0,1.638737183120477e-07
0,460,0,1.608377096908631e-07
0,461,0,1.635601940831033e-07
0,462,0,1.646939603700657e-07
0,463,0,1.681721211961469e-07
0,464,0,1.657400817146905e-07
0,465,0,1.710859782385475e-07
0,466,0,1.745999453140847e-07
0,467,0,1.747174283002518e-07
0,468,0,1.713057509558566e-07
0,469,0,1.722720780113441e-07
0,470,0,1.754945258871069e-07
0,471,0,1.726205777956172e-07
0,472,0,1.761575696571644e-07
0,473,0,1.778810558942353e-07
0,474,0,1.824793941618244e-07
0,475,0,1.878896441873083e-07
0,476,0,1.77372640133015e-07
0,477,0,1.805403428630969e-07
0,478,0,1.872379128164197e-07
0,479,0,1.816731400850065e-07
0,480,0,1.853632377001152e-07
0,481,0,1.836857804507492e-07
0,482,0,1.800018305937121e-07
0,483,0,1.888936990914688e-07
0,484,0,1.891212832635963e-07
0,485,0,1.981907969333267e-07
0,486,0,1.932604084264185e-07
0,487,0,1.87608302585223e-07
0,488,0,1.828003196265942e-07
0,489,0,1.895367804740148e-07
0,490,0,2.009468809419102e-07
0,491,0,1.955130652852937e-07
0,492,0,2.007348399821082e-07
0,493,0,2.012273062646027e-07
0,494,0,2.000406393945914e-07
0,495,0,1.971261208419666e-07
0,496,0,1.973871490672199e-07
0,497,0,1.993688260671589e-07
0,498,0,2.037733888885606e-07
0,499,0,2.024369428324794e-07
0,500,0,2.080221049324872e-07
0,501,0,1.980123774536594e-07
0,502,0,2.138092343993692e-07
0,503,0,2.006762665108759e-07
0,504,0,2.03088670632524e-07
0,505,0,2.062695523427998e-07
0,506,0,2.046090272520579e-07
0,507,0,2.123614465475294e-07
0,508,0,2.160397246535307e-07
0,509,0,2.166266642350328e-07
0,510,0,2.144234657323965e-07
0,511,0,2.183307666441935e-07
0,512,0,2.181232374749721e-07
0,513,0,2.218472771713854e-07
0,514,0,2.200750969928391e-07
0,515,0,2.248728237977928e-07
0,516,0,2.22569301666834e-07
0,517,0,2.32697427719845e-07
0,518,0,2.247481918486125e-07
0,519,0,2.256385531751085e-07
0,520,0,2.264800717967752e-07
0,521,0,2.344697017031178e-07
0,522,0,2.315075000728189e-07
0,523,0,2.344895621694127e-07
0,524,0,2.400971640914264e-07
0,525,0,2.422626293633107e-07
0,526,0,2.355212286063058e-07
0,527,0,2.379956346279707e-07
0,528,0,2.347109051319234e-07
0,529,0,2.431812687101489e-07
0,530,0,2.4091594074229e-07
0,531,0,2.417988213060117e-07
0,532,0,2.385963690465076e-07
0,533,0,2.463613843345507e-07
0,534,0,2.401264505225294e-07
0,535,0,2.484684703264507e-07
0,536,0,2.419590495647478e-07
0,537,0,2.390400979134641e-07
0,538,0,2.424728706863916e-07
0,539,0,2.429244752183588e-07
0,540,0,2.415370996804177e-07
0,541,0,2.535263051252544e-07
0,542,0,2.486863908749014e-07
0,543,0,2.510542030499416e-07
0,544,0,2.554557950134624e-07
0,545,0,2.508686707639505e-07
0,546,0,2.543284868901643e-07
0,547,0,2.488782209342403e-07
0,548,0,2.471118726852955e-07
0,549,0,2.488147275203768e-07
0,550,0,2.485034446026266e-07
0,551,0,2.456236757088013e-07
0,552,0,2.426645746690362e-07
0,553,0,2.35108948094691e-07
0,554,0,2.241833232760982e-07
0,555,0,2.082223460782813e-07
0,556,0,1.885175274520913e-07
0,557,0,1.516223810376175e-07
0,558,0,1.325024036119951e-07
0,559,0,7.587799198005565e-08
