# mesh name: boxMesh_1
# primitive scorer name: eD
# iX, iY, iZ, value [Gy]
0,0,0,8.392181199840438e-09
0,1,0,8.033212759975944e-09
0,2,0,9.698107599252133e-09
0,3,0,8.736964797465056e-09
0,4,0,9.8349421048704e-09
0,5,0,9.563483804408894e-09
0,6,0,9.486744558034787e-09
0,7,0,1.031458775696764e-08
0,8,0,1.015831230133004e-08
0,9,0,9.608869111537585e-09
0,10,0,8.926559491136118e-09
0,11,0,9.764335655329815e-09
0,12,0,1.044047466501241e-08
0,13,0,7.921706992016894e-09
0,14,0,8.817974539151936e-09
0,15,0,1.097664077747743e-08
0,16,0,1.030177848087097e-08
0,17,0,8.925335996645989e-09
0,18,0,1.068924082188024e-08
0,19,0,8.394508065280282e-09
0,20,0,9.343586553276321e-09
0,21,0,6.541087309813665e-09
0,22,0,7.769192044417546e-09
0,23,0,8.361496294659794e-09
0,24,0,9.315536595228412e-09
0,25,0,8.959167031494981e-09
0,26,0,8.230868749227539e-09
0,27,0,9.305281207736612e-09
0,28,0,9.389763299845593e-09
0,29,0,1.121345610913584e-08
0,30,0,1.236618394136581e-08
0,31,0,1.102751757828097e-08
0,32,0,9.968054849005557e-09
0,33,0,1.171411972342564e-08
0,34,0,1.127375161301669e-08
0,35,0,1.120664267693068e-08
0,36,0,1.18608467449555e-08
0,37,0,1.275811805989276e-08
0,38,0,1.122956690088106e-08
0,39,0,1.186317286748973e-08
0,40,0,1.095801085694451e-08
0,41,0,9.635322459211359e-09
0,42,0,9.590550810787112e-09
0,43,0,1.113789654219242e-08
0,44,0,1.026521107451056e-08
0,45,0,1.181014972046572e-08
0,46,0,1.299832680316863e-08
0,47,0,1.234954874245871e-08
0,48,0,1.264509965235474e-08
0,49,0,1.268336324700138e-08
0,50,0,1.223833803721527e-08
0,51,0,1.126121519510093e-08
0,52,0,1.23958793037034e-08
0,53,0,1.140562713755143e-08
0,54,0,1.049686184197959e-08
0,55,0,1.146296303024428e-08
0,56,0,1.311047777244375e-08
0,57,0,1.170187818734135e-08
0,58,0,1.197488731259889e-08
0,59,0,1.244507144131032e-08
0,60,0,1.11245407944082e-08
0,61,0,1.061800202605708e-08
0,62,0,1.090367956958636e-08
0,63,0,1.256091386582974e-08
0,64,0,1.264974144356158e-08
0,65,0,1.493040964692903e-08
0,66,0,1.354697195909099e-08
0,67,0,1.204024628659384e-08
0,68,0,1.397786702945378e-08
0,69,0,1.386632304159228e-08
0,70,0,1.277953989357412e-08
0,71,0,1.251856331852855e-08
0,72,0,1.222532975527468e-08
0,73,0,1.27167790759302e-08
0,74,0,1.31497451355531e-08
0,75,0,1.357072995469809e-08
0,76,0,1.240407851001205e-08
0,77,0,1.258129156995543e-08
0,78,0,1.221757769356455e-08
0,79,0,1.369497938273607e-08
0,80,0,1.425927529381761e-08
0,81,0,1.149335164626591e-08
0,82,0,1.527282989120219e-08
0,83,0,1.58706585728442e-08
0,84,0,1.197728062590577e-08
0,85,0,1.465178506033433e-08
0,86,0,1.521916519659881e-08
0,87,0,1.272981066756992e-08
0,88,0,1.474501880372767e-08
0,89,0,1.398095705545839e-08
0,90,0,1.543399266547298e-08
0,91,0,1.293908596338923e-08
0,92,0,1.325597524968581e-08
0,93,0,1.568125484576489e-08
0,94,0,1.400630155049044e-08
0,95,0,1.686149994212935e-08
0,96,0,1.52119095902463e-08
0,97,0,1.577537723127847e-08
0,98,0,1.643863713347553e-08
0,99,0,1.712052138078062e-08
0,100,0,1.61534005275961e-08
0,101,0,1.568058624540016e-08
0,102,0,1.570151743056468e-08
0,103,0,1.522954058115197e-08
0,104,0,1.532019498556235e-08
0,105,0,1.697635793445916e-08
0,106,0,1.711193005231921e-08
0,107,0,1.500679751615032e-08
0,108,0,1.56327948555516e-08
0,109,0,1.578206131867534e-08
0,110,0,1.850219401178608e-08
0,111,0,1.851838914326115e-08
0,112,0,1.674881197135821e-08
0,113,0,1.524891117076622e-08
0,114,0,1.710831220395066e-08
0,115,0,1.740146419237676e-08
0,116,0,1.691131717776701e-08
0,117,0,1.553720823155613e-08
0,118,0,1.710284582500962e-08
0,119,0,1.851924911363915e-08
0,120,0,1.776318100980592e-08
0,121,0,1.691097571528432e-08
0,122,0,1.78816089522824e-08
0,123,0,1.814411502993825e-08
0,124,0,1.787527907448776e-08
0,125,0,1.707046779093333e-08
0,126,0,1.865621991681573e-08
0,127,0,1.697108359770927e-08
0,128,0,1.728593910292834e-08
0,129,0,1.846215148943223e-08
0,130,0,1.785117545324573e-08
0,131,0,1.840732077896406e-08
0,132,0,1.859331261659354e-08
0,133,0,1.725274137855909e-08
0,134,0,1.791350045386875e-08
0,135,0,1.705793322021327e-08
0,136,0,1.646204842522577e-08
0,137,0,2.106804503708765e-08
0,138,0,1.965949062591683e-08
0,139,0,2.166368042499914e-08
0,140,0,1.925072347760888e-08
0,141,0,1.961066609511188e-08
0,142,0,1.911681496751305e-08
0,143,0,1.841309064544637e-08
0,144,0,1.861795416923757e-08
0,145,0,1.678340016825855e-08
0,146,0,1.811178411796718e-08
0,147,0,1.695934422433574e-08
0,148,0,1.912962979681392e-08
0,149,0,2.152368130600369e-08
0,150,0,2.068837811458746e-08
0,151,0,1.877126786578158e-08
0,152,0,1.927102911917983e-08
0,153,0,2.081901007052079e-08
0,154,0,2.04851287805119e-08
0,155,0,1.960215941995142e-08
0,156,0,1.767225730923952e-08
0,157,0,2.103217986800163e-08
0,158,0,1.944727330360919e-08
0,159,0,1.950276379493528e-08
0,160,0,1.82707070403799e-08
0,161,0,1.984345304575101e-08
0,162,0,1.775404616683752e-08
0,163,0,1.80652807197158e-08
0,164,0,1.68079889888047e-08
0,165,0,1.921890751763649e-08
0,166,0,2.241451547328074e-08
0,167,0,2.065891636650116e-08
0,168,0,2.114623659818091e-08
0,169,0,2.23074121858517e-08
0,170,0,2.040510020808556e-08
0,171,0,2.227939866874357e-08
0,172,0,2.304678543247533e-08
0,173,0,2.236797787596572e-08
0,174,0,1.963251998517816e-08
0,175,0,2.191874608333283e-08
0,176,0,2.060660424037897e-08
0,177,0,2.192855613925362e-08
0,178,0,2.08138752629046e-08
0,179,0,2.178861005430768e-08
0,180,0,2.490988478436716e-08
0,181,0,2.278143486686212e-08
0,182,0,2.570935025102922e-08
0,183,0,2.48290910639623e-08
0,184,0,2.409075196646111e-08
0,185,0,2.472456669282531e-08
0,186,0,2.33193723324874e-08
0,187,0,2.27443375518268e-08
0,188,0,2.494653513236579e-08
0,189,0,2.495025972538974e-08
0,190,0,2.560104438724792e-08
0,191,0,2.540766547692336e-08
0,192,0,2.873072960042342e-08
0,193,0,3.000549658053827e-08
0,194,0,2.909088993570573e-08
0,195,0,2.769891453407195e-08
0,196,0,2.717148841068467e-08
0,197,0,2.832155615969891e-08
0,198,0,2.965633316823807e-08
0,199,0,2.688354877822335e-08
0,200,0,2.560596106499223e-08
0,201,0,2.581275260555207e-08
0,202,0,2.573860947235658e-08
0,203,0,2.67060466285003e-08
0,204,0,3.040437803243728e-08
0,205,0,3.006256476547805e-08
0,206,0,2.77013970288056e-08
0,207,0,2.889046374160151e-08
0,208,0,2.97700377195286e-08
0,209,0,2.826597423111781e-08
0,210,0,2.928976502806359e-08
0,211,0,2.84781333956597e-08
0,212,0,3.227225813764131e-08
0,213,0,3.066840994833149e-08
0,214,0,2.971930605488069e-08
0,215,0,3.000484349416847e-08
0,216,0,2.960539712581813e-08
0,217,0,2.65561556319742e-08
0,218,0,2.839121446956426e-08
0,219,0,2.841774773239125e-08
0,220,0,2.918549755034382e-08
0,221,0,3.158169706170258e-08
0,222,0,3.101226225033391e-08
0,223,0,3.707442328343133e-08
0,224,0,3.39016256076333e-08
0,225,0,3.778463780627936e-08
0,226,0,3.331514671791929e-08
0,227,0,3.364378449069023e-08
0,228,0,3.46081426864078e-08
0,229,0,3.371200913316772e-08
0,230,0,3.201782216998343e-08
0,231,0,3.098904421237107e-08
0,232,0,3.05920232438857e-08
0,233,0,3.542817774230481e-08
0,234,0,3.481962530932944e-08
0,235,0,3.284194531830373e-08
0,236,0,3.247233497106165e-08
0,237,0,3.427848766960396e-08
0,238,0,3.131254713669586e-08
0,239,0,3.291262814598067e-08
0,240,0,3.472048253057173e-08
0,241,0,3.367641133594314e-08
0,242,0,3.315245734303956e-08
0,243,0,3.34278618717169e-08
0,244,0,3.575097992020954e-08
0,245,0,3.655459632126139e-08
0,246,0,3.40046337949654e-08
0,247,0,3.675714802330735e-08
0,248,0,3.831932687303266e-08
0,249,0,3.823824356983929e-08
0,250,0,3.690205446244152e-08
0,251,0,3.692531175309914e-08
0,252,0,3.494710893277401e-08
0,253,0,3.616555485210193e-08
0,254,0,3.457479259288046e-08
0,255,0,3.459203277561014e-08
0,256,0,3.588244350836593e-08
0,257,0,3.467090232899068e-08
0,258,0,3.595760820877027e-08
0,259,0,3.513180305716222e-08
0,260,0,3.860430932256827e-08
0,261,0,3.750516609513044e-08
0,262,0,3.676407612798025e-08
0,263,0,3.897533379806833e-08
0,264,0,3.941993818383078e-08
0,265,0,3.840191451985692e-08
0,266,0,3.761597024866849e-08
0,267,0,3.813618020694175e-08
0,268,0,3.391780117710321e-08
0,269,0,3.358931052721564e-08
0,270,0,3.588414053429947e-08
0,271,0,3.551992789613838e-08
0,272,0,3.763514985293696e-08
0,273,0,3.998845651096079e-08
0,274,0,4.325158265498859e-08
0,275,0,4.141453847118198e-08
0,276,0,3.881321092755859e-08
0,277,0,4.041898379589753e-08
0,278,0,4.096123138225392e-08
0,279,0,4.247954375161657e-08
0,280,0,4.377299237267425e-08
0,281,0,4.576531175258498e-08
0,282,0,4.572112334446986e-08
0,283,0,4.379372395434344e-08
0,284,0,4.39641148410113e-08
0,285,0,4.010462965950434e-08
0,286,0,4.415402547332972e-08
0,287,0,4.537099782159278e-08
0,288,0,4.110506365021335e-08
0,289,0,4.21329742277705e-08
0,290,0,4.355175952596888e-08
0,291,0,4.33804002453697e-08
0,292,0,4.26308071304138e-08
0,293,0,4.526166794187305e-08
0,294,0,4.616224738768637e-08
0,295,0,4.679397594613669e-08
0,296,0,4.440593125271807e-08
0,297,0,4.712111529994441e-08
0,298,0,4.84489780098619e-08
0,299,0,4.73729685982702e-08
0,300,0,4.752381105098012e-08
0,301,0,4.873684670724703e-08
0,302,0,4.85044524516887e-08
0,303,0,5.475628263589377e-08
0,304,0,4.929827299959524e-08
0,305,0,4.892087946179799e-08
0,306,0,4.649159693700406e-08
0,307,0,4.610604095314112e-08
0,308,0,5.045012924867446e-08
0,309,0,5.075208177631521e-08
0,310,0,5.142644022836986e-08
0,311,0,5.227199580037621e-08
0,312,0,5.361584459833821e-08
0,313,0,5.169486744172013e-08
0,314,0,4.984868337043294e-08
0,315,0,4.883936540245126e-08
0,316,0,4.690382405070844e-08
0,317,0,5.111680205848865e-08
0,318,0,5.076137657236714e-08
0,319,0,5.069938063624315e-08
0,320,0,5.150868220798463e-08
0,321,0,5.5229521223507e-08
0,322,0,5.546385208175941e-08
0,323,0,5.73227928714278e-08
0,324,0,5.874696737136828e-08
0,325,0,5.786041584630307e-08
0,326,0,5.342225465546227e-08
0,327,0,5.280057343570953e-08
0,328,0,5.579489911591066e-08
0,329,0,5.608542247801671e-08
0,330,0,5.939048744325315e-08
0,331,0,5.495645761666305e-08
0,332,0,5.269703430570577e-08
0,333,0,5.702667418090584e-08
0,334,0,5.847568986738168e-08
0,335,0,6.178125546325353e-08
0,336,0,5.963129928355041e-08
0,337,0,6.324366026570568e-08
0,338,0,6.471484805840275e-08
0,339,0,6.252916431226475e-08
0,340,0,6.153691604252344e-08
0,341,0,6.696130334693357e-08
0,342,0,6.213639443838702e-08
0,343,0,6.266337011773545e-08
0,344,0,6.247537109834172e-08
0,345,0,6.128434653264648e-08
0,346,0,6.244279385668306e-08
0,347,0,6.240095881745686e-08
0,348,0,5.97622192780063e-08
0,349,0,5.972090485343368e-08
0,350,0,6.318898286727338e-08
0,351,0,6.790279762401698e-08
0,352,0,6.588243151086278e-08
0,353,0,6.789035290473609e-08
0,354,0,6.891502361334244e-08
0,355,0,6.586008613272371e-08
0,356,0,6.638469251561969e-08
0,357,0,6.760687544573239e-08
0,358,0,7.16490323570419e-08
0,359,0,6.451226663451971e-08
0,360,0,6.637018019658831e-08
0,361,0,6.824398312838652e-08
0,362,0,7.199762327470826e-08
0,363,0,6.617847437652513e-08
0,364,0,6.931137845266212e-08
0,365,0,7.282462142592299e-08
0,366,0,7.202909407930243e-08
0,367,0,7.251137357166278e-08
0,368,0,7.732388485263091e-08
0,369,0,7.371742661873705e-08
0,370,0,7.568609974727804e-08
0,371,0,7.338026170756149e-08
0,372,0,7.487568443543348e-08
0,373,0,8.103327948824555e-08
0,374,0,8.476974735117186e-08
0,375,0,7.943271827945591e-08
0,376,0,7.627861151397002e-08
0,377,0,8.284704249934335e-08
0,378,0,7.819853340520985e-08
0,379,0,8.176446099703819e-08
0,380,0,8.309568305212242e-08
0,381,0,8.099485389146898e-08
0,382,0,8.491524627456772e-08
0,383,0,8.148275355158983e-08
0,384,0,8.00334620981934e-08
0,385,0,8.474744408930317e-08
0,386,0,8.504864969117775e-08
0,387,0,8.528537331249252e-08
0,388,0,8.217809203651918e-08
0,389,0,8.305012919816423e-08
0,390,0,8.135301779292736e-08
0,391,0,8.583686064427038e-08
0,392,0,9.33160756591973e-08
0,393,0,8.84611014765731e-08
0,394,0,8.978478647409988e-08
0,395,0,8.89089126459092e-08
0,396,0,8.595274394606867e-08
0,397,0,8.59495043962961e-08
0,398,0,8.537633009273514e-08
0,399,0,8.463988153726616e-08
0,400,0,8.594231580396676e-08
0,401,0,9.045711192934506e-08
0,402,0,8.91001026764393e-08
0,403,0,9.764741179224405e-08
0,404,0,9.47616187075569e-08
0,405,0,9.860055069706696e-08
0,406,0,9.174666819082225e-08
0,407,0,8.667312756325247e-08
0,408,0,9.021553605892623e-08
0,409,0,9.722992993459731e-08
0,410,0,8.711090801412822e-08
0,411,0,9.279149489581239e-08
0,412,0,9.425657322597172e-08
0,413,0,9.728270872828222e-08
0,414,0,9.819451953631835e-08
0,415,0,9.349594140076364e-08
0,416,0,9.465080531309764e-08
0,417,0,9.615982523260784e-08
0,418,0,1.022708253535663e-07
0,419,0,9.778047867823153e-08
0,420,0,1.020120003902033e-07
0,421,0,1.098072868717252e-07
0,422,0,1.080988594954433e-07
0,423,0,1.02390819865936e-07
0,424,0,1.058182389712141e-07
0,425,0,1.086003034176081e-07
0,426,0,1.102312283037275e-07
0,427,0,1.115877922338287e-07
0,428,0,1.100716424733607e-07
0,429,0,1.071180446552155e-07
0,430,0,1.130661486865371e-07
0,431,0,1.13279509417035e-07
0,432,0,1.124526158695579e-07
0,433,0,1.080916144751294e-07
0,434,0,1.106241692631743e-07
0,435,0,1.134321845291188e-07
0,436,0,1.072001074566386e-07
0,437,0,1.043533537682864e-07
0,438,0,1.163410187077003e-07
0,439,0,1.175396981777328e-07
0,440,0,1.154458521621017e-07
0,441,0,1.213406251215306e-07
0,442,0,1.217442545613947e-07
0,443,0,1.213731297978573e-07
0,444,0,1.251061293207757e-07
0,445,0,1.203377375571127e-07
0,446,0,1.232946063892334e-07
0,447,0,1.241281124691313e-07
0,448,0,1.254727328123459e-07
0,449,0,1.236498761657818e-07
0,450,0,1.257531992831724e-07
0,451,0,1.198954813006082e-07
0,452,0,1.205065761213836e-07
0,453,0,1.242507452737829e-07
0,454,0,1.258922997087269e-07
0,455,0,1.269314797509153e-07
0,456,0,1.227981291246728e-07
0,457,0,1.262768920962191e-07
0,458,0,1.301279590228045e-07
0,459,0,1.376709073913122e-07
0,460,0,1.331397022181546e-07
0,461,0,1.341754038907474e-07
0,462,0,1.402886760533462e-07
0,463,0,1.405765873142572e-07
0,464,0,1.340399023040265e-07
0,465,0,1.363507952793176e-07
0,466,0,1.371722051126936e-07
0,467,0,1.349264340868405e-07
0,468,0,1.403309330833012e-07
0,469,0,1.381962298780599e-07
0,470,0,1.443352208721097e-07
0,471,0,1.428065762124374e-07
0,472,0,1.439601648027105e-07
0,473,0,1.485838040502863e-07
0,474,0,1.46379089759973e-07
0,475,0,1.459424612407289e-07
0,476,0,1.487798145517352e-07
0,477,0,1.515660442642457e-07
0,478,0,1.481069272981275e-07
0,479,0,1.508955659833842e-07
0,480,0,1.555631220094888e-07
0,481,0,1.528627204884614e-07
0,482,0,1.533505279818865e-07
0,483,0,1.59937625534089e-07
0,484,0,1.61743242867319e-07
0,485,0,1.639772351210483e-07
0,486,0,1.640861529379296e-07
0,487,0,1.581257710199206e-07
0,488,0,1.642218672546951e-07
0,489,0,1.645835959731273e-07
0,490,0,1.647871738814032e-07
0,491,0,1.603385203641575e-07
0,492,0,1.642354050031008e-07
0,493,0,1.655209831618325e-07
0,494,0,1.681992516180074e-07
0,495,0,1.612979643464195e-07
0,496,0,1.770412348105478e-07
0,497,0,1.731357493048816e-07
0,498,0,1.706653171043336e-07
0,499,0,1.627534404346025e-07
0,500,0,1.641057124651296e-07
0,501,0,1.762944535606522e-07
0,502,0,1.794921683892886e-07
0,503,0,1.707937141651732e-07
0,504,0,1.749493688922276e-07
0,505,0,1.841118156072581e-07
0,506,0,1.777343296274326e-07
0,507,0,1.79408125715426e-07
0,508,0,1.80089386918968e-07
0,509,0,1.823605969513814e-07
0,510,0,1.835150619612113e-07
0,511,0,1.841459772497106e-07
0,512,0,1.870121707406556e-07
0,513,0,1.973641526982846e-07
0,514,0,1.936327825233233e-07
0,515,0,1.975259700074959e-07
0,516,0,1.945271918500518e-07
0,517,0,1.869941094832953e-07
0,518,0,1.923543631899621e-07
0,519,0,1.933657926697637e-07
0,520,0,1.994696571015648e-07
0,521,0,2.038352580397729e-07
0,522,0,2.047851434658381e-07
0,523,0,1.985265848579191e-07
0,524,0,2.000116348723253e-07
0,525,0,2.009310457070435e-07
0,526,0,2.07631157266797e-07
0,527,0,2.136770833374361e-07
0,528,0,2.137692717927892e-07
0,529,0,2.124795240096551e-07
0,530,0,2.132268523991977e-07
0,531,0,2.102701535848608e-07
0,532,0,2.146342280002316e-07
0,533,0,2.114916008783741e-07
0,534,0,2.144632013532138e-07
0,535,0,2.214015970083494e-07
0,536,0,2.180185594044069e-07
0,537,0,2.198479450951043e-07
0,538,0,2.251868630299421e-07
0,539,0,2.195974223728512e-07
0,540,0,2.25024784268488e-07
0,541,0,2.284752329593771e-07
0,542,0,2.320079801214689e-07
0,543,0,2.286649601839146e-07
0,544,0,2.259962324375212e-07
0,545,0,2.259616859357012e-07
0,546,0,2.262787982262506e-07
0,547,0,2.235952976092615e-07
0,548,0,2.194674799890964e-07
0,549,0,2.208376087637843e-07
0,550,0,2.191107748827906e-07
0,551,0,2.207583585279647e-07
0,552,0,2.191954671925213e-07
0,553,0,2.099738863950578e-07
0,554,0,1.971702930832213e-07
0,555,0,1.797842051177759e-07
0,556,0,1.604371161511262e-07
0,557,0,1.407117471436498e-07
0,558,0,1.065276198438544e-07
0,559,0,5.651939820602145e-08
