# mesh name: boxMesh_1
# primitive scorer name: eD
# iX, iY, iZ, value [Gy]
0,0,0,1.087096410132609e-08
0,1,0,1.041522791973368e-08
0,2,0,9.952851961403644e-09
0,3,0,1.171496650179039e-08
0,4,0,1.16539768016035e-08
0,5,0,1.185729315915626e-08
0,6,0,1.211218897554219e-08
0,7,0,1.53069413660074e-08
0,8,0,1.462969674261113e-08
0,9,0,1.396289600501441e-08
0,10,0,1.399231603982904e-08
0,11,0,1.423061575626398e-08
0,12,0,1.353660805648657e-08
0,13,0,1.243230162650657e-08
0,14,0,1.339912549633448e-08
0,15,0,1.283667528273242e-08
0,16,0,1.36078351452024e-08
0,17,0,1.545984681148218e-08
0,18,0,1.421684172884213e-08
0,19,0,1.444745515521087e-08
0,20,0,1.534972304442507e-08
0,21,0,1.369462382695452e-08
0,22,0,1.673932438140166e-08
0,23,0,1.552477589067081e-08
0,24,0,1.394071893363574e-08
0,25,0,1.392906693604439e-08
0,26,0,1.59533508069622e-08
0,27,0,1.606398669915871e-08
0,28,0,1.473324319076886e-08
0,29,0,1.530576870403351e-08
0,30,0,1.454467513402397e-08
0,31,0,1.381175013788931e-08
0,32,0,1.318679720389095e-08
0,33,0,1.492533929873008e-08
0,34,0,1.389296377265052e-08
0,35,0,1.466637824257476e-08
0,36,0,1.438954537690183e-08
0,37,0,1.473143104268645e-08
0,38,0,1.461591790329115e-08
0,39,0,1.676397395146523e-08
0,40,0,1.59976568332176e-08
0,41,0,1.502353741679958e-08
0,42,0,1.619312073758401e-08
0,43,0,1.492890733688576e-08
0,44,0,1.635832467659339e-08
0,45,0,1.730511396967978e-08
0,46,0,1.634504586630913e-08
0,47,0,1.86835083574088e-08
0,48,0,1.892646147903741e-08
0,49,0,1.965880578725274e-08
0,50,0,1.808196140950451e-08
0,51,0,2.196645970040586e-08
0,52,0,1.849415797950868e-08
0,53,0,1.615356281619187e-08
0,54,0,1.794039891090734e-08
0,55,0,1.592193530321628e-08
0,56,0,1.619539532517337e-08
0,57,0,1.716006631895199e-08
0,58,0,1.735676986404512e-08
0,59,0,1.626013306006214e-08
0,60,0,1.701868962665107e-08
0,61,0,1.482807574346731e-08
0,62,0,1.720823121021408e-08
0,63,0,1.866208506363489e-08
0,64,0,1.900197187668757e-08
0,65,0,1.755236559960057e-08
0,66,0,1.684221262388727e-08
0,67,0,1.715860430571504e-08
0,68,0,1.668266353619695e-08
0,69,0,1.683462173642939e-08
0,70,0,1.630983342307528e-08
0,71,0,1.861427453443826e-08
0,72,0,1.785994186752852e-08
0,73,0,1.859453832740381e-08
0,74,0,1.878297253527425e-08
0,75,0,1.802085801964692e-08
0,76,0,1.661758642631725e-08
0,77,0,1.830749197185793e-08
0,78,0,1.877752666300983e-08
0,79,0,1.752075985526603e-08
0,80,0,1.756356529328197e-08
0,81,0,1.767437414624127e-08
0,82,0,2.095530171573454e-08
0,83,0,1.874200558968863e-08
0,84,0,1.840598742571869e-08
0,85,0,1.819799412603358e-08
0,86,0,1.942222951575824e-08
0,87,0,1.940164764921586e-08
0,88,0,2.070419043342441e-08
0,89,0,1.992148604951792e-08
0,90,0,2.014680083081321e-08
0,91,0,1.796335041182628e-08
0,92,0,2.075430675104727e-08
0,93,0,2.09668273862675e-08
0,94,0,2.200504456529416e-08
0,95,0,2.027279465146842e-08
0,96,0,1.97394865337071e-08
0,97,0,2.228557993418494e-08
0,98,0,1.962134214580397e-08
0,99,0,2.069600375399665e-08
0,100,0,2.023342439077883e-08
0,101,0,2.137286424276071e-08
0,102,0,2.079126124447174e-08
0,103,0,2.268659452077282e-08
0,104,0,2.394977125004382e-08
0,105,0,2.254529534839124e-08
0,106,0,2.448400019012048e-08
0,107,0,2.536044546995326e-08
0,108,0,2.278772254762005e-08
0,109,0,2.391275241103682e-08
0,110,0,2.387259434304113e-08
0,111,0,2.088472841543257e-08
0,112,0,2.037727580066364e-08
0,113,0,2.057242731418331e-08
0,114,0,2.256015842845883e-08
0,115,0,2.406839760778938e-08
0,116,0,2.450046440599944e-08
0,117,0,2.399037940090127e-08
0,118,0,2.688156430520224e-08
0,119,0,2.441748183381645e-08
0,120,0,2.222171659880119e-08
0,121,0,2.375128564950098e-08
0,122,0,2.177273386798682e-08
0,123,0,2.659825709435282e-08
0,124,0,2.65519957863265e-08
0,125,0,2.691619156268968e-08
0,126,0,2.506743788638577e-08
0,127,0,2.297541256770524e-08
0,128,0,2.685657781001775e-08
0,129,0,2.500732532420512e-08
0,130,0,2.371641034436108e-08
0,131,0,2.503233879426122e-08
0,132,0,2.614249772660909e-08
0,133,0,2.532792815166675e-08
0,134,0,2.759323926452792e-08
0,135,0,2.575212941959408e-08
0,136,0,2.400751133526662e-08
0,137,0,2.431167385437757e-08
0,138,0,2.775776969306518e-08
0,139,0,2.498001286131539e-08
0,140,0,2.753902089538752e-08
0,141,0,2.725232366166457e-08
0,142,0,2.546414047620659e-08
0,143,0,2.598327964765994e-08
0,144,0,2.323378152782877e-08
0,145,0,2.599354524904555e-08
0,146,0,2.554693824431589e-08
0,147,0,2.588100078600549e-08
0,148,0,2.523814602939138e-08
0,149,0,2.667587735499313e-08
0,150,0,2.852014631687366e-08
0,151,0,2.890079599389982e-08
0,152,0,2.795054186467107e-08
0,153,0,3.048823903281111e-08
0,154,0,2.921198518716275e-08
0,155,0,2.960886021058209e-08
0,156,0,3.159232787297053e-08
0,157,0,3.022610803864848e-08
0,158,0,3.014163684923943e-08
0,159,0,2.995638232265214e-08
0,160,0,3.041769204562463e-08
0,161,0,3.521337951356491e-08
0,162,0,3.398395164752556e-08
0,163,0,3.36503127731321e-08
0,164,0,3.299467719359574e-08
0,165,0,2.846168717720951e-08
0,166,0,2.996986823322064e-08
0,167,0,3.022915871808427e-08
0,168,0,3.105827574476646e-08
0,169,0,3.172312486478336e-08
0,170,0,3.520336670245058e-08
0,171,0,3.216105367926697e-08
0,172,0,3.346733076026753e-08
0,173,0,3.16363401952233e-08
0,174,0,3.203311676380553e-08
0,175,0,3.296441886769733e-08
0,176,0,3.062050177933693e-08
0,177,0,3.210409183460916e-08
0,178,0,3.385623801727674e-08
0,179,0,3.034676136921551e-08
0,180,0,3.166518183866228e-08
0,181,0,3.375965058545321e-08
0,182,0,3.317885958974735e-08
0,183,0,3.28939324722325e-08
0,184,0,3.428746066932757e-08
0,185,0,3.508124154242356e-08
0,186,0,3.748760468840493e-08
0,187,0,3.420123915820435e-08
0,188,0,3.373450797455051e-08
0,189,0,3.022769787120122e-08
0,190,0,3.183584950375245e-08
0,191,0,3.115554597269166e-08
0,192,0,3.405271088071316e-08
0,193,0,3.42852942717593e-08
0,194,0,3.690114938686153e-08
0,195,0,3.800060422317327e-08
0,196,0,4.062039160454978e-08
0,197,0,3.743885929736014e-08
0,198,0,3.578582900094332e-08
0,199,0,3.602822745857339e-08
0,200,0,3.634507980028501e-08
0,201,0,3.657448694284782e-08
0,202,0,3.570324689915064e-08
0,203,0,3.571662936603655e-08
0,204,0,3.568135419084123e-08
0,205,0,4.114947423380848e-08
0,206,0,3.780456203476138e-08
0,207,0,3.867668614283464e-08
0,208,0,3.630042636617437e-08
0,209,0,3.932509293904486e-08
0,210,0,4.01281632458621e-08
0,211,0,3.708762331457801e-08
0,212,0,3.970461039835523e-08
0,213,0,3.81037907359545e-08
0,214,0,3.657460939271724e-08
0,215,0,3.915121218238532e-08
0,216,0,3.92017928235686e-08
0,217,0,4.145125168991627e-08
0,218,0,4.343183767462646e-08
0,219,0,4.659624757445576e-08
0,220,0,4.573748950394205e-08
0,221,0,4.631328702252311e-08
0,222,0,4.792641285335389e-08
0,223,0,4.161080458807963e-08
0,224,0,4.302368593772697e-08
0,225,0,4.564224383463618e-08
0,226,0,4.343403583540676e-08
0,227,0,4.324302417031808e-08
0,228,0,4.400108134746981e-08
0,229,0,4.508671015765862e-08
0,230,0,4.52094739505345e-08
0,231,0,4.582554434554154e-08
0,232,0,4.545399024219704e-08
0,233,0,4.515800030547385e-08
0,234,0,4.687999449540966e-08
0,235,0,4.516017778411239e-08
0,236,0,4.820674129333844e-08
0,237,0,4.644069177455908e-08
0,238,0,4.835823590869766e-08
0,239,0,4.445914468205131e-08
0,240,0,4.467779039030616e-08
0,241,0,4.106556144476193e-08
0,242,0,3.987407954292386e-08
0,243,0,4.196123479609255e-08
0,244,0,4.723759852636894e-08
0,245,0,4.757388163380335e-08
0,246,0,4.742002232834848e-08
0,247,0,4.797643907050096e-08
0,248,0,4.584780822067342e-08
0,249,0,4.921050828745173e-08
0,250,0,5.06901232542805e-08
0,251,0,4.907090479294341e-08
0,252,0,5.193487692461941e-08
0,253,0,5.126957869086088e-08
0,254,0,5.225989878219837e-08
0,255,0,4.893899324847487e-08
0,256,0,4.900624378694987e-08
0,257,0,4.814470162171004e-08
0,258,0,5.088208008859465e-08
0,259,0,4.8581324523818e-08
0,260,0,4.905730668081656e-08
0,261,0,4.817535337506961e-08
0,262,0,4.900862371736633e-08
0,263,0,5.148746135164425e-08
0,264,0,5.073267049328813e-08
0,265,0,4.989149771923587e-08
0,266,0,5.441563670734613e-08
0,267,0,5.278744514253292e-08
0,268,0,5.545444223382649e-08
0,269,0,5.444166021684112e-08
0,270,0,5.2521308467273e-08
0,271,0,5.655376291466386e-08
0,272,0,5.512601397484006e-08
0,273,0,5.399404664407508e-08
0,274,0,5.234272406845813e-08
0,275,0,5.303440027985831e-08
0,276,0,5.519340688909167e-08
0,277,0,5.735327805853848e-08
0,278,0,5.358579205605693e-08
0,279,0,5.494086766156926e-08
0,280,0,5.687466904976467e-08
0,281,0,5.8847181451451e-08
0,282,0,5.814918791680885e-08
0,283,0,6.015572932900702e-08
0,284,0,5.981912386037661e-08
0,285,0,5.883937857967338e-08
0,286,0,6.074079900949737e-08
0,287,0,5.65580376162056e-08
0,288,0,6.045692046093454e-08
0,289,0,6.204010002748991e-08
0,290,0,6.117427765105738e-08
0,291,0,6.596173209473322e-08
0,292,0,6.130428069906413e-08
0,293,0,5.8236624263183e-08
0,294,0,5.923781840476501e-08
0,295,0,6.029187483175352e-08
0,296,0,6.303404412993427e-08
0,297,0,6.332781029469128e-08
0,298,0,6.71072994494901e-08
0,299,0,6.475772981926555e-08
0,300,0,6.74243956011578e-08
0,301,0,6.402492630097466e-08
0,302,0,6.687752120019926e-08
0,303,0,6.85339636275426e-08
0,304,0,6.071712368901712e-08
0,305,0,6.700218084210548e-08
0,306,0,6.988019148829346e-08
0,307,0,6.776348901648788e-08
0,308,0,6.947566200595243e-08
0,309,0,6.943592771692468e-08
0,310,0,7.182025589776756e-08
0,311,0,7.72240280451305e-08
0,312,0,7.514148437096816e-08
0,313,0,7.144658623872116e-08
0,314,0,6.724430790148253e-08
0,315,0,6.913756001478495e-08
0,316,0,7.220565376161465e-08
0,317,0,7.496209530203626e-08
0,318,0,7.577036711069071e-08
0,319,0,7.618920598584269e-08
0,320,0,7.72553533875075e-08
0,321,0,7.290717582852371e-08
0,322,0,7.697121825867578e-08
0,323,0,7.474869694700596e-08
0,324,0,7.65756950410854e-08
0,325,0,7.537747520765364e-08
0,326,0,7.373925115302514e-08
0,327,0,7.416046387986327e-08
0,328,0,7.516901474816947e-08
0,329,0,7.871419860318124e-08
0,330,0,7.855105594343542e-08
0,331,0,7.761103703947136e-08
0,332,0,7.938213858999364e-08
0,333,0,7.606272133874815e-08
0,334,0,7.599220608005261e-08
0,335,0,7.996966856407855e-08
0,336,0,8.283243885540981e-08
0,337,0,7.828179796290773e-08
0,338,0,8.050037692588719e-08
0,339,0,7.929867505142356e-08
0,340,0,7.66320134825058e-08
0,341,0,8.24071295451465e-08
0,342,0,8.585007195203268e-08
0,343,0,7.971580882519275e-08
0,344,0,7.531554386958991e-08
0,345,0,8.726886556479197e-08
0,346,0,8.533584568191417e-08
0,347,0,8.586291662833176e-08
0,348,0,8.423022861235502e-08
0,349,0,8.875425292038934e-08
0,350,0,8.797561572721021e-08
0,351,0,8.602993809942499e-08
0,352,0,8.363934332394256e-08
0,353,0,8.498322796614595e-08
0,354,0,8.775397544527333e-08
0,355,0,9.003502119139316e-08
0,356,0,8.824478199988411e-08
0,357,0,8.749203567807705e-08
0,358,0,9.192343686940449e-08
0,359,0,9.415018527548757e-08
0,360,0,9.754702513289319e-08
0,361,0,9.245975865116372e-08
0,362,0,9.503448466919056e-08
0,363,0,9.917385730711459e-08
0,364,0,9.168505279393382e-08
0,365,0,9.070233551832421e-08
0,366,0,9.356665623810942e-08
0,367,0,9.409050767025117e-08
0,368,0,8.976145462167365e-08
0,369,0,9.50038354593134e-08
0,370,0,9.823337824911787e-08
0,371,0,1.014560451741897e-07
0,372,0,9.996689907996574e-08
0,373,0,9.751193041759889e-08
0,374,0,9.833419520077253e-08
0,375,0,9.940451997830313e-08
0,376,0,9.5833262950036e-08
0,377,0,1.00803640408808e-07
0,378,0,1.029414984442661e-07
0,379,0,1.052708666414164e-07
0,380,0,1.064644714728459e-07
0,381,0,1.073846156094093e-07
0,382,0,1.021383774632977e-07
0,383,0,1.163583737568468e-07
0,384,0,1.108764098667523e-07
0,385,0,1.03219156441701e-07
0,386,0,1.060227338173772e-07
0,387,0,1.066616347100628e-07
0,388,0,1.073516079083282e-07
0,389,0,1.136131628999274e-07
0,390,0,1.056721611980767e-07
0,391,0,1.140304940216738e-07
0,392,0,1.059861504669668e-07
0,393,0,1.116179679393948e-07
0,394,0,1.093296510501231e-07
0,395,0,1.100881394208124e-07
0,396,0,1.073981656936779e-07
0,397,0,1.080470144788319e-07
0,398,0,1.047012712773376e-07
0,399,0,1.084837823949973e-07
0,400,0,1.107851153086117e-07
0,401,0,1.136923104377101e-07
0,402,0,1.185346843881592e-07
0,403,0,1.110899950271903e-07
0,404,0,1.161343458882094e-07
0,405,0,1.161725435458906e-07
0,406,0,1.208879835492336e-07
0,407,0,1.208123425283682e-07
0,408,0,1.227814516298447e-07
0,409,0,1.180390909748287e-07
0,410,0,1.222606818033069e-07
0,411,0,1.294901962774171e-07
0,412,0,1.249142373261174e-07
0,413,0,1.244263359185439e-07
0,414,0,1.255780740782998e-07
0,415,0,1.304214455670657e-07
0,416,0,1.261091670721679e-07
0,417,0,1.316021218020973e-07
0,418,0,1.271982987863615e-07
0,419,0,1.277330724948499e-07
0,420,0,1.301049577091567e-07
0,421,0,1.295749096229567e-07
0,422,0,1.260572563016846e-07
0,423,0,1.340688062475573e-07
0,424,0,1.370678587984053e-07
0,425,0,1.355303459574369e-07
0,426,0,1.358412978402235e-07
0,427,0,1.35209128018955e-07
0,428,0,1.352473669214495e-07
0,429,0,1.409559425952451e-07
0,430,0,1.401585270968929e-07
0,431,0,1.479339380159101e-07
0,432,0,1.408636103991365e-07
0,433,0,1.372407154107967e-07
0,434,0,1.378606525334566e-07
0,435,0,1.432361746240388e-07
0,436,0,1.447032623419629e-07
0,437,0,1.459758597961433e-07
0,438,0,1.446018499863955e-07
0,439,0,1.433868621227386e-07
0,440,0,1.430270047772171e-07
0,441,0,1.431107623470399e-07
0,442,0,1.570003088531029e-07
0,443,0,1.522406339695638e-07
0,444,0,1.536843924729055e-07
0,445,0,1.578818947039775e-07
0,446,0,1.531409440097528e-07
0,447,0,1.547996985152045e-07
0,448,0,1.515796167770995e-07
0,449,0,1.579971532618508e-07
0,450,0,1.570803708347929e-07
0,451,0,1.566408039282811e-07
0,452,0,1.600596306402144e-07
0,453,0,1.516350730984669e-07
0,454,0,1.533103874303821e-07
0,455,0,1.550419492070483e-07
0,456,0,1.543421164966517e-07
0,457,0,1.637096425569509e-07
0,458,0,1.688587174504642e-07
0,459,0,1.648176927849596e-07
0,460,0,1.616651066808863e-07
0,461,0,1.715055832451201e-07
0,462,0,1.663277855975002e-07
0,463,0,1.668582936537639e-07
0,464,0,1.653504062354883e-07
0,465,0,1.703284272105407e-07
0,466,0,1.709008368833467e-07
0,467,0,1.713406140241576e-07
0,468,0,1.652134853110117e-07
0,469,0,1.716833761481413e-07
0,470,0,1.711777992012964e-07
0,471,0,1.68687045457505e-07
0,472,0,1.785792542503878e-07
0,473,0,1.789022865760198e-07
0,474,0,1.714866491578832e-07
0,475,0,1.830072534442029e-07
0,476,0,1.774105188342811e-07
0,477,0,1.839753748899168e-07
0,478,0,1.859512748331156e-07
0,479,0,1.85595010615267e-07
0,480,0,1.933345797852104e-07
0,481,0,1.856179899748007e-07
0,482,0,1.746500620827486e-07
0,483,0,1.807782442388879e-07
0,484,0,1.883584003120639e-07
0,485,0,1.876306276042862e-07
0,486,0,1.932951596910288e-07
0,487,0,1.878265779447695e-07
0,488,0,1.934253864668919e-07
0,489,0,1.911583685326866e-07
0,490,0,1.945729991486985e-07
0,491,0,1.884574800488077e-07
0,492,0,1.903921955586263e-07
0,493,0,1.987094306840993e-07
0,494,0,2.070380620925147e-07
0,495,0,1.97709459025827e-07
0,496,0,2.02927839999489e-07
0,497,0,2.040158205041604e-07
0,498,0,2.036717397104903e-07
0,499,0,1.979376959272896e-07
0,500,0,1.964297626768742e-07
0,501,0,2.038135296164151e-07
0,502,0,2.026807385008048e-07
0,503,0,2.078658997755045e-07
0,504,0,2.03636813660949e-07
0,505,0,2.176116424739024e-07
0,506,0,2.084965445244605e-07
0,507,0,2.025825299642901e-07
0,508,0,2.149675971260586e-07
0,509,0,2.106786895027265e-07
0,510,0,2.157610250232648e-07
0,511,0,2.128467907900916e-07
0,512,0,2.203121570283518e-07
0,513,0,2.153208196940369e-07
0,514,0,2.20383249186246e-07
0,515,0,2.249894295818382e-07
0,516,0,2.257674071957749e-07
0,517,0,2.232148964412546e-07
0,518,0,2.226711686457652e-07
0,519,0,2.32309372734331e-07
0,520,0,2.278004315038974e-07
0,521,0,2.21360115500363e-07
0,522,0,2.299545717231837e-07
0,523,0,2.329055645288392e-07
0,524,0,2.387874204077722e-07
0,525,0,2.302329106786851e-07
0,526,0,2.301065447374697e-07
0,527,0,2.329353992030017e-07
0,528,0,2.305735194856396e-07
0,529,0,2.392366378332742e-07
0,530,0,2.413140710087423e-07
0,531,0,2.422778789790662e-07
0,532,0,2.453533878962143e-07
0,533,0,2.549033800608594e-07
0,534,0,2.449964090077656e-07
0,535,0,2.464257298934505e-07
0,536,0,2.444748062612569e-07
0,537,0,2.482067967718488e-07
0,538,0,2.530717810211921e-07
0,539,0,2.445792944941181e-07
0,540,0,2.481721397811853e-07
0,541,0,2.479651086043594e-07
0,542,0,2.425610598977916e-07
0,543,0,2.548570946958921e-07
0,544,0,2.540043437340134e-07
0,545,0,2.613936839614381e-07
0,546,0,2.491473259241983e-07
0,547,0,2.556697172812805e-07
0,548,0,2.509444117931861e-07
0,549,0,2.438073580045204e-07
0,550,0,2.499516207105355e-07
0,551,0,2.482846428330547e-07
0,552,0,2.381480206276789e-07
0,553,0,2.290137857098793e-07
0,554,0,2.156637632895347e-07
0,555,0,2.046195276567874e-07
0,556,0,1.909663573073733e-07
0,557,0,1.69442055092073e-07
0,558,0,1.334297308325032e-07
0,559,0,7.805597662901164e-08
